 0.1545557052305721220170271236D-05 -0.4583467145196823636748553656D-06
 0.3119878076481427339478741390D-04  0.1421258714493150419899431675D-04
-0.8731602266295359471683437680D-05  0.1500095570161160623645722062D-04
 0.3957168340099381446787769195D-05 -0.1052755086873319582719014595D-05
-0.9162472928057827781375341281D-05  0.1569599843845116679866801002D-04
 0.5283206166773853754473587452D-05 -0.1675083995262340933450097291D-04
 0.1463769679891016239838170965D-04 -0.1007166003327433312451028025D-03
 0.1911179382071286384729008612D-03 -0.1302379785443971303617732849D-03
-0.2793076289017378845136452270D-06 -0.3667365355480662009266673573D-06
 0.5487891260955261377705617643D-06  0.3654852709253691682168277075D-06
-0.1855681135666256307767407741D-02  0.6126478768579786057801861432D-03
 0.6043416695568341871931932613D-05 -0.1802054800238311633043403193D-04
-0.4738823585132063189720094676D-05  0.1799762386491752643859578543D-05
 0.4694994681213854580961383767D-04 -0.5615696143838938743115402064D-04
 0.3712188419032231168764868201D-03 -0.8120977628750698784632078286D-03
 0.4484551062491946328558700685D-02  0.2050310687787687980582207459D-02
 0.4215963263241266113789951220D-02 -0.1052588201067180054271155143D-01
 0.1526408621611040176968554505D-01  0.1458517989393948166565451174D-01
 0.2703469738234320907110941334D+00 -0.2307634297849270876845650946D+00
-0.1582814223578413503901174408D+01  0.1472145729037535710759243557D+01
 0.6142738324250302639484289102D+01 -0.5696467298415349489459913457D+01
-0.1992114224900220875724698999D+02  0.1861633923760557962623352068D+02
 0.5992296502036203520447088522D+02 -0.5660120698732851707291047205D+02
-0.1764442731709616509760962799D+03  0.1664229156064943992987537058D+03
 0.5095854527286346069558931049D+03 -0.4811726359065143583393364679D+03
-0.1445031195350092957596643828D+04  0.1365813119154690411960473284D+04
 0.3975862087809701733931433409D+04 -0.3758477982645865722588496283D+04
-0.1022956547557407247950322926D+05  0.9669709826270873236353509128D+04
 0.2233571845378130092285573483D+05 -0.2111352887306018237723037601D+05
-0.3106714101080050386372022331D+05  0.2936963890807998905074782670D+05
-0.4376324463200496131464150955D-06  0.5415965066520264384333717585D-06
-0.1024613430658853315598916245D-03 -0.3808846432848025226596683224D-04
 0.1739755397967614417172564634D-04  0.2235813703046341779966457719D-04
 0.7179402803190831794280350742D-06  0.1913775584865387883407722436D-06
 0.4628482593467743968693433460D-05  0.1577984833664280832094678475D-04
-0.2054563020139789630011742383D-04 -0.2504699001977060132196131748D-04
-0.4270213832783587205475447912D-04  0.1554919962209054713764277977D-03
 0.5819166332346076839568405070D-03  0.3999970596516215048769893325D-04
-0.2010205624331515891073385305D-07  0.2062048749608491138383264962D-06
 0.1629172917321811020377290979D-06 -0.4185562728473652885493802578D-07
-0.5325619623575470959475630650D-02  0.1706135857537140546047460532D-01
 0.1458392224770066920451526762D-05 -0.5562331144292532894395086895D-04
 0.8943170902237513854521680501D-05 -0.2247368263181285841277937121D-05
 0.1919184582745687799292672038D-03 -0.4394687828977448303818809094D-03
-0.3014056735153015486455840843D-02  0.2122075813413671989925146644D-03
 0.2030293978461570735677410582D-02 -0.2431221424158626354117274104D-01
 0.2605273278290977725935029241D-01  0.2822659475485710112163673102D-01
 0.1100847095801379960100518929D+00 -0.1823093402053073061597210369D-01
 0.5351963955208762779847120328D+00 -0.2911888255856620935646539294D-01
-0.2948855664362377115850222253D+01  0.2390881261138798619114709254D+00
 0.1105956392570258550733797165D+02 -0.8337622466828182865583585226D+00
-0.3546001805516385729788453318D+02  0.2735163465076383193519404813D+01
 0.1064885217847668030799468397D+03 -0.8695400421079430230975049199D+01
-0.3125014320630887709739909042D+03  0.2517398528800506696256888972D+02
 0.9018901360799964095349423587D+03 -0.7300326046641623634059214965D+02
-0.2557262480498866807465674356D+04  0.2080877553705661284766392782D+03
 0.7034953381690096648526377976D+04 -0.5727684587933980537854949944D+03
-0.1809816492572535207727923989D+05  0.1472753456617776691928156652D+04
 0.3951492746236472157761454582D+05 -0.3215544851314057723357109353D+04
-0.5496301172845712426351383328D+05  0.4474820110289305375772528350D+04
 0.6844055097562730719494561438D-04  0.4284491894276540676798556428D-04
-0.5668062887171041461589759969D-03  0.2064141482914052302261032068D-03
 0.8137533216898570030684023635D-03 -0.2293929986320115098352712124D-02
-0.3368095267027894357259043545D-04  0.9419438389890008220782513515D-05
-0.5868623574307890201906534600D-03  0.2000102467817932742552566872D-03
-0.6623319725798484155360190684D-03  0.2726695529923102261082856757D-02
 0.1706661586247578961221538218D-03  0.1366881922280160791341452331D-02
-0.2221559350071749486948968766D-02 -0.6687132625651871276929727461D-04
 0.2249097295747387549244566962D-04  0.4762822785546027420933157259D-07
-0.1693019850255126173524562738D-04  0.4037961506055285038161578592D-05
 0.4354281181846923060030363217D-01  0.3290580462358926039367901240D-01
-0.3290110214564246748220055494D-03  0.1437666662043070580235398781D-03
-0.1302540215029203245211686379D-03  0.4001912512362696533723543935D-04
 0.1162604787727746554620855690D-02  0.1188051913598496631824241732D-02
-0.4849376723778919470730919272D-02 -0.4373934561422434912081325109D-02
-0.4959379006210089257944417795D-01 -0.6431403485486734961096288998D-01
 0.3092249375669155198043114297D-01 -0.5755513574484125149943736233D-01
-0.8631828563888756244981692589D-01  0.1091152197973557780308340170D+00
 0.2245865786667634012019334477D+02  0.9323668416655144230986707043D+00
-0.1378571586656906617918139091D+03 -0.2058965236574756385579121343D+01
 0.5352564086368943208071868867D+03  0.1127990281705766939523982728D+02
-0.1743678184055421979792299680D+04 -0.3358759982545387146046778071D+02
 0.5273659283448791029513813555D+04  0.7777700164390606119013682473D+02
-0.1551997167694125164416618645D+05 -0.2457596310508924943860620260D+03
 0.4484943986785715969745069742D+05  0.6925306267242513058590702713D+03
-0.1272434336545129044679924846D+06 -0.1910529364405137357607600279D+04
 0.3501278058853665133938193321D+06  0.5240549351439504789595957845D+04
-0.9008303557281040120869874954D+06 -0.1352000915766237812931649387D+05
 0.1966930198679674416780471802D+07  0.2952073618818635077332146466D+05
-0.2735950173333268612623214722D+07 -0.4095445847477716597495600581D+05
