 0.3014747228485531449493350920E+00  0.8115158966958848849038155038E-02
 0.1699052609094329341354878693E-01 -0.5180981449455471926635041768E-01
 0.1193955770088023005115474007E+01  0.1279526499208917360295156840E-01
 0.4217101673142874262989465706E-01 -0.7408910352482099559434658431E-01
 0.6196806898626060211565658165E-01  0.3814310683640158988749746527E-01
 0.5887572476545294315741774227E-02 -0.2219062609972940677827146772E-01
 0.3589330487592808528046761651E-02  0.1238024357045761428275376659E-01
 0.3292670729465017875892129950E-01  0.6650370323319550192042726167E-01
 0.2053455755157896321649868554E-02  0.1943320184447655529780263350E-01
 0.4590895612748918663825747899E-02 -0.2321602829523842365100350094E-01
 0.2802267480124518914119668977E-02  0.3734991123171535476465976444E-01
 0.1476337179338181224662329694E-03  0.5870555056954307113215030256E-02
 0.1489977284535439448764915227E-02 -0.1168882630275262443642070309E-01
 0.1239829171105492899851441280E-01  0.4894840540352535934731648126E-01
 0.9679504566966860845678155556E-02 -0.2915329556852346709616696785E-01
 0.7573076485461619454520043604E-02 -0.3698798159047225753148779859E-01
 0.1095860424780684518400453165E-02  0.2784779597374564472089808476E-01
 0.1922562602542810250572102859E+00  0.3964722581570197940115107826E-01
 0.5161760860242523563101713080E+00  0.4399335745302298400494223074E-01
 0.8200215519491977911314961602E+00  0.5919349411542928346419145669E-01
 0.1487837089853651484361307666E+01  0.2469442847830838339007186732E-01
 0.2196929674006899091409650282E+01 -0.8785385585262103780301856659E-01
 0.3544663898451732464423002966E+01  0.2398460900408469834155233968E-01
 0.5546227694278965003604753292E+01  0.9145008833828221356254672969E-02
 0.9244630172341157248183662887E+01 -0.5355220348511193807772290398E-02
 0.1487088533849865079616847652E+02 -0.2233793610892682857116398054E-01
 0.2395080761242379097097909835E+02  0.8258257692780220093897725064E-01
 0.3854772539716955748190230224E+02  0.9948084964724417111892051935E-01
 0.6209072758268676039961064816E+02 -0.3652093185404704789309704438E-01
 0.1000216254667699615765741328E+03  0.4120963727248295495331209537E-02
