 0.1000000000000000020816681712E-02  0.8454415724244870519732408809E-02
 0.3953241651429397970907153592E-02 -0.2477460217242257248249082124E-01
 0.2204895515027687283304835830E-02  0.2447031606864515096422252327E-01
 0.2678056867242456506872372302E-02 -0.1024823889020828014684294516E-01
 0.1218858435486173778794505296E-02  0.1803493924536042278261582794E-01
 0.1813814534310145571566197376E-02  0.2949727551511469383904717745E-01
 0.1486835059242254050704268309E-02  0.1813636639543429740495383840E-01
 0.4424412898777140695782961188E-01  0.7302765177883827063531896329E-01
 0.5850381587826997999146616536E-02 -0.2149702387790336163830851035E-01
 0.3253913935276125414530756785E-02 -0.1961417078910136779779094240E-01
 0.4806342602748750122976240107E-02 -0.1801510020483702151361526944E-01
 0.7124555183803766775230137398E-02 -0.2735801085152226447272383325E-01
 0.8676090594307442685484410561E-02 -0.3810199932460812954904127992E-01
 0.1058491085129613720750008099E-01  0.3742598065940910129212326751E-01
 0.1305187866015364815674981713E-01  0.3757777302492575077774716874E-01
 0.1646719775677997488205761556E-01 -0.5003223187651564124456271543E-01
 0.2076651330585722529664671754E-01  0.5258584811263880554044192195E-01
 0.3514922181803613321360302280E-01 -0.6965769554845489819339121595E-01
 0.9707467922127004100740776948E-01 -0.1000000000000000055511151231E+00
 0.1204397104940785195870134316E+00  0.8910818066629586087223913182E-01
 0.2105730476281537644211994120E+01 -0.3921719502207968860441056336E-01
 0.3941944351726125450596782684E+01  0.2888233579616924368016483982E-01
 0.6102005592065895100972738874E+01 -0.1548482679866057358519793041E-01
 0.9146485805196915563897164247E+01 -0.3073557571899999778242129622E-02
 0.1372970583462224958282149601E+02 -0.3200390522821373179285231458E-01
 0.2043515589842087720739982615E+02 -0.1380938021182367232350673980E-02
 0.3036511184373303962047430105E+02  0.2650004559520597116617501854E-01
 0.4521561912307940644950576825E+02 -0.7225702453229512593757544181E-02
 0.6722951840532344647272111615E+02  0.1284461216132850788773644979E-01
 0.9998562511065189539749553660E+02 -0.6227839534946164740114582514E-01
