 0.1712760767593781959308718577E-02  0.2161259225229517078048502299E-01
 0.1186124517831527308553418720E+00  0.7471136513993981154158063873E-01
 0.2497009929711783808581326838E-02  0.3158584407077772576721841347E-01
 0.1341500488153210546293792049E-01  0.3611724280605508458075192380E-01
 0.6953486063692716941109228657E-02 -0.2692584070109615632104826943E-01
 0.4626602151381114386152759721E-01  0.5104620714484838644997566348E-01
 0.8554072106797142027723168667E-01 -0.2426909703751043909103479734E-01
 0.5321181042019957089725390453E-03  0.2065728322844329403751295615E-01
 0.1099623230226346670690418250E+02 -0.9305650149333843934584820090E-01
 0.6218273875023127422734248171E-01 -0.6475675692139608308206533138E-01
 0.4945868544821103128528161363E-02 -0.2649727576450793681273054858E-01
 0.1853987135778609879332989863E-01  0.4014546979747846133790289969E-01
 0.3511226835453443509416082691E-02 -0.3766107682804006179244638020E-01
 0.3555524813946940999691281871E-03  0.9016143808284205959924229035E-02
 0.8000909871212410215748911391E-03 -0.1912061594165506347997585124E-01
 0.1170852994941632991415803033E-02 -0.1123799689920600142212236960E-01
 0.2554489349100363612676822811E-01 -0.5549019877389431421033094693E-01
 0.9744993662433681230750082136E-02 -0.4400129449228867839494228065E-01
 0.3437502654436684623728837096E-01  0.4391841614498896012586115489E-01
 0.1196144633459930162189266412E+01 -0.2970423323662585088356102858E-01
 0.1669169793495506037839248847E+00  0.8944899547277171403258932969E-01
 0.2386924774845107233289809301E+00 -0.9999999429149143692630019586E-01
 0.5331888801576996073094960593E+01 -0.1441299742939172040534501207E-01
 0.7711827585179237942725194443E+01 -0.9811990709765544549370019922E-01
 0.1552418612366889583142892661E+02 -0.9730549124878665190330195855E-01
 0.2175190133142914206132445543E+02 -0.9157168778648956675159098495E-01
 0.3029895356380782089900094434E+02 -0.7925670813995262797835295032E-01
 0.4201638842602212520205284818E+02 -0.9927635346846265529396902139E-01
 0.5814837059626331949857558357E+02 -0.8991001239008915291162082895E-01
 0.8073467812137698729202384129E+02 -0.8528403907284946849909346156E-01
