 0.7128006605327465161625610790E-01  0.2106443897377357002409503650E-01
 0.4435802601103158021578209969E-01 -0.2396048479141954512527945553E-01
 0.1613656547639879257349804220E+00  0.2940124283697295379247371727E-01
 0.2499666106457433534249190643E-01  0.5443031531601931483077549956E-01
 0.3901875009978928126978814372E-03 -0.1494676710066751568195542177E-01
 0.1537803497606715120993303714E-01 -0.3985771919543356495152508501E-01
 0.1120482490553690313461743244E+01  0.8602790755057986016307580712E-01
 0.7446487579149486946139546717E-02  0.2342353055844626288917176282E-01
 0.1223182134198055534546334400E-01  0.2067056125499090041275351837E-01
 0.9708947678128737948655135881E-02  0.3880653387462137254848570933E-01
 0.3507323670853640384947880193E-01 -0.5430569787873967824154419759E-01
 0.1953215246690178513722102593E-01 -0.3489981975681776676934120474E-01
 0.2621705441309383349812733854E-02 -0.3255562474058795036091495945E-01
 0.3396223014349754321106189536E-02  0.1408910781617522811615117462E-01
 0.5746316889928101273588012532E-02  0.2828016895755004062040782742E-01
 0.5617604802380913447956700679E-01  0.2052618349342487380493338378E-01
 0.4430451884066597019462552254E-02 -0.2409112220326868267217257369E-01
 0.3989478105175630617829085622E+00  0.2631795578744610189514396836E-01
 0.5520746785271756218449468179E+00  0.7285449121112544390577170361E-01
 0.8694573443910129650902263165E+00 -0.1791204020680781452967700318E-01
 0.1413539526476624175188590016E+01  0.4522398688591290627503127553E-01
 0.2148727346515841851726236200E+01 -0.1352875136471189294884442944E-01
 0.3606990969446098205253292690E+01 -0.3483872519621902114073108692E-01
 0.5647325133176715361571496032E+01  0.1125528110479085026895962329E-01
 0.9193007706605794027154843207E+01  0.4174570825339195268011138751E-01
 0.1488697666031732858016312093E+02 -0.3464065450563416637130842446E-01
 0.2390661663941971326607927040E+02  0.7267989228841973889383432095E-02
 0.3851673124027140460157170310E+02 -0.1803004712642786513954185068E-01
 0.6207362289129536492282568361E+02 -0.6204804180838211641324519974E-01
 0.9997676154122561342774133664E+02 -0.3846239332644069836009137475E-01
