 0.1000000000000000047921736024E-03  0.1515267083286456206714376549E-01
 0.4841052161187107960582665100E-01  0.6245250963012818207209519983E-01
 0.1567816363890249184431802121E-01  0.5048513433145526002610026239E-01
 0.1963155660965927584715728926E-01 -0.3953596331065199753762584578E-01
 0.3083826260140916375451780596E-01 -0.3026205808454402595986110214E-01
 0.3865085328000502501444302084E-01 -0.4361923306880276934860418692E-01
 0.6187671826563211595340074922E-02  0.3783987440114969236226727389E-01
 0.6182034625666793514753294403E-01  0.5132649158306899772608034027E-01
 0.1936246999435722038196416861E+00  0.9733212649654807147037161030E-02
 0.3490835709430825141430521086E-02 -0.2410502906494477876053750265E-01
 0.1418726452908296677742766567E-03 -0.1717533685985310129562542159E-01
 0.1387513544085001602687579059E-02 -0.2149336845880294583066572045E-02
 0.4675405680703186191149445250E-02 -0.3384416696707370775243362004E-01
 0.2582744735921006524331788867E-02  0.2986614189465667049128150268E-01
 0.1903507270264056172245914489E-02  0.2161352563562649389816705536E-01
 0.2460208558658191768664380561E-01 -0.3520988854587969729692531473E-01
 0.8168261308685864641176976875E-01 -0.5521549973647667947096451257E-01
 0.2915597045946884957601241695E+00  0.2483887998743891569602970648E-02
 0.4971406759689287468972906936E+00 -0.1133663259926555831602623670E-01
 0.8532849212784765491335292609E+00  0.2009750834802310343052411667E-01
 0.1379771466657714995562855620E+01  0.6207998794721072965963060142E-02
 0.2195858352751314246376068695E+01 -0.3117586028880293264053946700E-01
 0.3567293574395619781824962047E+01 -0.8785823523701826592846586550E-02
 0.5741902865234059127885757334E+01  0.1229380840421891987399027890E-02
 0.9253583577050582320566718408E+01 -0.2120191728408799686222963032E-01
 0.1486873997627302301793861261E+02 -0.2678709570341478857224970511E-01
 0.2395487240123845040784544835E+02 -0.4067213175717839662715036297E-01
 0.3857586492897378604993718909E+02  0.1688965308176624408043053904E-01
 0.6208803758156061292083904846E+02 -0.5999823588107543181902059359E-02
 0.9998665146352205113089439692E+02  0.1640352758623856224695636286E-01
