 0.1387968013304339892285965696D-02 -0.1423556986700529958592142954D-02
-0.1560925292660355345741862720D+00 -0.2645722827912249663917521048D+00
-0.9625284276705338371016296151D+01 -0.3365429530133721591766970960D+01
 0.2724034872797537198962913862D-01 -0.8117063671124083445995722741D-01
 0.2660377288659290795358458581D-01  0.4768151598691179604561085625D-01
 0.1352319778610673872698555442D+00  0.1157025069949434714633440535D+00
-0.6662611147171738912309280067D-01  0.7152136766282048141452065693D-01
 0.7895647092234983621672483878D-01 -0.6745502137552482346816162817D-01
 0.1994834063209706409569577090D-01  0.6578960513651270838875184666D-02
-0.4859066472227085986546057939D-02 -0.3676516082168228283233446518D-02
 0.1889855578732058116742109632D-02  0.6161275473906546729097044590D-03
 0.2239171880761989252839327946D-01 -0.2644640591125334283528758306D-01
-0.1299290189071471840476235116D-02  0.3763498089439091393026970422D-01
 0.1807127453273220385465691606D-01  0.1283524137078934784783612599D-01
-0.1186704918703423983217248860D-01 -0.1990189721681079326742747071D-02
-0.5125347890804688583132886492D-01  0.4667887076213395741719480725D-02
 0.9353975763761916695226972251D-01  0.4725650251991765637971099068D-01
 0.1874985529970445874425877264D+01  0.5538919109678872576552066676D+00
 0.1146983554571418117973280459D+02  0.3975402656201304285588093990D+01
-0.9229341349943034344960324233D+01 -0.2361700002338894321951556776D+01
 0.7668877516362689661377771699D+01  0.3440247487092254363716392618D+01
-0.7184940706959332068493040424D+01 -0.4190222739119280781494580879D+01
 0.7606130368825647636299436272D+01  0.4556940171343409673454516451D+01
-0.5534357103779541375843109563D+01 -0.5104837436165872155413580913D+01
 0.6380920692759652901315803319D+01  0.5267245771119159591933112097D+01
-0.3205936592938865015156579830D+01 -0.5191320445770479352631809888D+01
 0.2548364729294402053483281634D+01  0.4588629560937144802323928161D+01
 0.1802758586592692502392765164D+01 -0.3397647934564395733048058901D+01
-0.2504330219815046998377283671D+01  0.1851706483912000544833631466D+01
 0.3135315102241922335934987132D+01 -0.5420043315905921366137931727D+00
 0.6413505495593460050893219737D-03  0.9573374453022502053242681619D-03
-0.1274237336609416182398035744D+01  0.1031241107174682702929402467D+00
 0.4648510920452667960489634424D+02  0.9918463538237858312385242243D+00
 0.6302671095272984747026612240D+00 -0.1938790428703057733272885343D+00
 0.2903689889932301038122375303D+00  0.1920363293406183169409473521D+00
 0.1222506116688001576164879225D+01 -0.1062219747014298554255162799D+00
-0.1492281397107343421382097404D+00  0.2221103661834587517098782428D+00
-0.8297062207165393221686144898D+00  0.3853508925752894276328675005D+00
-0.5934980716884955334600171284D-02  0.5361461734731121087094152244D-02
 0.4972224027741466156893324069D-02  0.5089675171836699485439226009D-02
 0.2060116731740974094222451640D-02  0.4291481365730348551679185221D-03
 0.6270326093745427764591937603D-02 -0.5513718007865490294827637285D-01
-0.7453402175010735708493569973D-01  0.5969583761535314503365867722D-01
-0.4714008016082585350581268813D-02 -0.7041768139963711092832454597D-02
 0.2174761281516612854147751932D-02  0.1006294255224915445978695061D-02
 0.1937472998024773046532587273D-01 -0.2660000919307562994298166359D+00
-0.1082607940865047080336580620D+01 -0.9882005533467744795572684779D+00
 0.1295848773524437946846887826D+01  0.8455795186929069284786919525D+00
-0.8722222113544188459854922257D+02  0.1178443828529825587736468151D+02
 0.7309964031393052152907330310D+02 -0.2385705887443877060150043690D+02
-0.7313289095276006435142335249D+02  0.1718764288962674413596687373D+02
 0.8056774992513024358231632505D+02 -0.1763471144958307235128813772D+02
-0.8527735902348182150944921887D+02  0.1975621128646407598239420622D+02
 0.9262556528121200472014606930D+02 -0.1867829723881386883022059919D+02
-0.9350432236124915164054982597D+02  0.1962137082321306280618955498D+02
 0.9476716255632702257116761757D+02 -0.1900486120577257409536287014D+02
-0.8391305607295433333092660177D+02  0.1756510333276177249217653298D+02
 0.6661632637067145878972951323D+02 -0.1296887909297081442616672575D+02
-0.3811628950129039594685309567D+02  0.6981734681859011359961186827D+01
 0.1423802905312535038717669522D+02 -0.2028268285786482216792592226D+01
 0.1293267148929022614112227529D-01  0.4232836259840071224669344474D-01
-0.9678205332146305295282218140D+01 -0.6809449783439808001617166155D+01
-0.6690484302151235169731080532D+03 -0.7772743436954998230703495210D+02
-0.2272255694394770042521258802D+01 -0.6813945068600457677376880383D+00
-0.8894410763185716106704603590D+00 -0.3245528507231953962985926410D+00
 0.9863362417203147103350602265D+01  0.1068553945953503170329668137D+01
-0.2955246812932780020588552361D+01  0.2088209706784524222200616350D+01
-0.2043962874699102094666613993D+01  0.5544010879815993719788025373D+00
 0.2116641599761271974600163048D+00  0.2277337152972125355887555997D+00
 0.2425128555165916299785067167D+00 -0.1843979473519641310019778757D-01
 0.5784753567629064008315253886D-01 -0.2700758126020341709505601102D-01
 0.7517663592311637499321363975D+00  0.3284132837673134353018156162D+00
 0.4796513855765242584361374156D+00  0.5534764586164969690784687373D+00
 0.1746331333157777887521433513D+00  0.2279641431657988270842452039D+00
 0.5114150637836800683544424828D-01  0.1242752259648240986678047193D+00
-0.4805435646030154495100816803D+00 -0.1009847515160335662542934188D+01
-0.3401409277051505419819932285D+01 -0.2574309049140181215875600174D+01
 0.6674918182321866311212943401D+02  0.1843507941119756665671047813D+02
 0.1199021210504324699286371469D+04 -0.8256147275987743228142790031D+02
-0.1153789782262080962027539499D+04  0.2873264089245873265099362470D+03
 0.1202226213125577032769797370D+04 -0.2110309893821960542936722049D+03
-0.1328338631939250717550748959D+04  0.2294569445314664051238651155D+03
 0.1427664404761622790829278529D+04 -0.2696364217476942712892196141D+03
-0.1507304471459103069719276391D+04  0.2545376459448953028186224401D+03
 0.1549343595614252080849837512D+04 -0.2724239705229830974531068932D+03
-0.1506609205947363534505711868D+04  0.2655222035632508550406782888D+03
 0.1331016913142964313010452315D+04 -0.2479822833310397527384338900D+03
-0.9769517347427322420116979629D+03  0.1835619020744197200656344648D+03
 0.5284715264245476191717898473D+03 -0.9883750113369188738943194039D+02
-0.1508550860502478485614119563D+03  0.2871757614463165353413387493D+02
