 0.8369713500877646521029784576D-04  0.1484472861749854119203795300D-02
 0.1923310727040036804957878758D+00  0.2900275999205617072362883846D+00
 0.8969231210235957263421369134D+00  0.4646440674024257866392417782D+01
 0.3916546949008196595864994549D-02  0.1122557108857282909264441173D+00
-0.2729675768917583667666493241D-02 -0.5979901123835400233996750785D-01
-0.1801661718702226022692514107D+00 -0.1621344504082495030505839395D+00
 0.7187631983714175276656277447D-01 -0.4141388763170351233755539511D-01
-0.1119958468592053557610910275D+00  0.1433951515932173695344609143D-01
-0.1527633289080457257291811857D-01 -0.1279664463788120210008258937D-01
 0.3887094870004936808527418179D-02  0.7132354756032091569473152504D-02
-0.8311394563047247441289755443D-03 -0.1220511033893846575271169286D-02
-0.3194529145854829721429268830D-01  0.1841313719919990612994276091D-01
-0.1154788120706408578730606251D-01 -0.4216791011378309694812571706D-01
-0.1966573168536672744366455845D-01 -0.6530725094589351353846495840D-02
 0.1308882933375571377965229658D-01 -0.5278574629863280742725351047D-02
 0.5105971833939244169942028861D-01  0.1469369013927275188780008364D-01
-0.1448578972868466985257640545D+00  0.4213288178244422449436612510D-01
-0.1314713569349796884466741176D+01 -0.7498763247144659693788071309D+00
 0.1709129563209909052901025461D+01 -0.8145533086240682507650490152D+01
-0.1511951044996797666186694187D+01  0.8003850715674415639000471856D+01
 0.4062931457194674855770699651D+01 -0.8090486285517600961725293018D+01
-0.4466675412219403895619507239D+01  0.9095399320802975751121266512D+01
 0.5500530806012322138087711210D+01 -0.9956915461751995266581616306D+01
-0.5840287586217942639166267327D+01  0.1046355801509239213942237257D+02
 0.6306957199572804206866294408D+01 -0.1084403239882989744558017264D+02
-0.5946753683541475155038824596D+01  0.1060283807003552070113983063D+02
 0.5257653047308081362132270442D+01 -0.9451310996040191980682720896D+01
-0.3635482099030014513374453600D+01  0.6985171154974226581657603674D+01
 0.1901703039578607201676163641D+01 -0.3791993100493428414665686432D+01
-0.3997197683689580061106028097D+00  0.1107495979128920726708429356D+01
 0.2120499129148261611282899608D-03  0.3350654721156597222984918627D-03
 0.6343901872003843145364498923D+00 -0.9117875775393179393901732510D+00
-0.6703880228667067342485097470D+02 -0.6556300956466020402046979143D+01
-0.4553481539575908731976028321D+00  0.5272097787111504896273572740D+00
-0.1337505725277853552146467564D+00 -0.3398652050571371874276849212D+00
-0.6597463861142887076027818694D+00  0.7263613079161855834442462765D+00
 0.1717096583871647319519126995D+00 -0.8713946753280948920306059335D-01
 0.8349272388217889862005449686D+00  0.2051255039400159130291712017D+00
 0.7641477777840299800971024524D-02  0.6957625803844055822899861141D-02
 0.3811136721785346459512311412D-02 -0.2952902901028120474791194283D-02
 0.1702035274436519696195091456D-03 -0.9710488834203945263112700559D-03
-0.3072311268589089650049572811D-01  0.5682582247898158855914374499D-01
 0.4298509209984685552896621630D-01 -0.8876404340111818114245068045D-01
 0.1657857471097742840804301068D-01  0.4316343021039670269090038346D-02
 0.1640187149457850157574512195D-02  0.2321218396917013038205368503D-02
-0.1748031879776601738019081722D+00  0.1779058204545216903547100173D+00
 0.1332981787090306680099160985D+01  0.4872074819517915184041711996D-01
 0.3067344353711003890339270583D+01  0.5301196839511368441577587873D+00
 0.1066348265594030095826383331D+03 -0.6170640966217407985539011861D+01
-0.7964478638809556798605626682D+02  0.2094837524808272277709875198D+02
 0.7493271682066571770519658457D+02 -0.1300784010682131430769459257D+02
-0.7693759651957297762692178367D+02  0.1227500086724907291113595420D+02
 0.8055208518563044606253242819D+02 -0.1374554236083923619560209772D+02
-0.8295284878040209264327131677D+02  0.1225238179437257990400667040D+02
 0.8453027862867240571631555213D+02 -0.1289045218026470429606433754D+02
-0.8147868416579734685001312755D+02  0.1237986661053331260973209282D+02
 0.7178180864281442552510270616D+02 -0.1156587415250143813238992152D+02
-0.5250093738864933357035624795D+02  0.8523687386427331702520859835D+01
 0.2836281190438597121783459443D+02 -0.4569772847965510642609388015D+01
-0.8067568359779508924134461267D+01  0.1324236789409646508630657991D+01
-0.3116558740191682427833619329D-01 -0.5407043050166365077968677610D-01
 0.1289377388133494051203342678D+02  0.5174255270593291378133926628D+01
 0.5674607416182874430887750350D+03  0.7170837832207196527178894030D+02
 0.2569422467334351090073596424D+01  0.3131785982388925471120444399D+00
 0.8735298649845056884188920776D+00  0.5427753624084128425408835028D+00
-0.1173031111092620726310542523D+02  0.1614173117417025071773650780D+01
 0.4265408864522953535924898461D+01 -0.1602144030687342901586589505D+01
 0.2292528471460104189105777550D+01 -0.2575838789123141014947293570D+00
-0.2083390148272852293587220629D+00 -0.3808074089283550733853189740D+00
-0.3394197244802462654078567539D+00 -0.5140362841956003236987271521D-01
-0.8851760219899107440255647816D-01  0.1915695977054643339698714044D-01
-0.8349968379023964271112845381D+00 -0.6945235374197165079124260956D+00
-0.7914860097067279998128697116D+00 -0.5154464159942030443417593233D+00
-0.3090835882942173373777450252D+00 -0.2419078742320022179512761795D+00
-0.1087464547546090898322290741D+00 -0.1536447925917281409624592925D+00
 0.2123900981530613685244190947D+00  0.1303137627311951263209266472D+01
 0.4051204324731107142554265010D+01  0.2312548467899979698358947644D+01
-0.6964670057110259904220583849D+02 -0.1968864662704422485717259406D+02
-0.9412451973027111762348795310D+03  0.4703576309549617207039773348D+02
 0.7910542452118600067478837445D+03 -0.1973430235491215398724307306D+03
-0.7345496624760027088996139355D+03  0.1355699918686268006240425166D+03
 0.7631356717075398137239972129D+03 -0.1355577176573542317328247009D+03
-0.7858320712018970652934513055D+03  0.1545225239299508643853187095D+03
 0.8118505834453849274723324925D+03 -0.1424419173223931238680961542D+03
-0.8205561457463001033829641528D+03  0.1501404279328894233458413510D+03
 0.7934391823945754822489107028D+03 -0.1449828611556548594307969324D+03
-0.6971665615214188846948673017D+03  0.1344572104257693183626543032D+03
 0.5132951102277611425961367786D+03 -0.9920452954002209366990427952D+02
-0.2784122917521818294517288450D+03  0.5332975919039969170398762799D+02
 0.8150971568341559247983241221D+02 -0.1548016710132021600543339446D+02
