-0.4120139261191974175066454755D-04 -0.4038889764373207925832274384D-05
 0.3616899524673036725138427355D-07 -0.7238352008869008097970029715D-07
 0.4077995754807032045667365000D-05  0.7773733835747709833756895854D-07
 0.6867147446240756138678695830D-04  0.1285558819255898811012572835D-03
 0.8361226010440055427148930978D-08  0.3658103084703094028351478759D-07
-0.5808890551455646588684787073D-07  0.1138488021929270919697964868D-06
-0.3133382788356572673011844407D-05 -0.1520807221633393822388265713D-05
 0.4914086339724928687770853092D-06  0.1171931702431175947051820302D-05
-0.1271772339803715443993094129D-05 -0.6465600866364549796687583375D-06
-0.7185799932113037051549370962D-08  0.1338478172589034154310977897D-07
-0.5190212572814452836019241677D-07 -0.3109146351547000870123652061D-07
 0.3855292237368664912180993547D-06 -0.2743327030288433844280957669D-06
 0.1452972885594533381751342072D-04  0.4750300091936634294751806012D-05
 0.1301328085904689270713998316D-06  0.2500520070346164567130406962D-07
-0.2965508954465576848378194526D-06  0.2203438407923638588301176516D-06
 0.7431154610572763242960954433D-05 -0.3323016493953462422317884917D-04
-0.6116627018463741626529139861D-05  0.6941922744773020797321664427D-05
 0.7245989054754727758979326868D-04 -0.5828128401533186900762215088D-04
 0.1410722238458728887249005179D-03 -0.5072932793746802194187819901D-04
 0.1122710206759945390092569895D-02  0.6341097771527178265579816063D-03
-0.9808378037107094715718602629D-02 -0.5486803691558780893267055490D-02
 0.5779852188895422127057344142D-01  0.3461705575214688718199695927D-01
-0.3052341008680741207825803940D+00 -0.1874411772600268755173402724D+00
 0.1503122000399415458815610691D+01  0.9261989698623180888858996695D+00
-0.6943101319074650668028425571D+01 -0.4262406343733817770669247693D+01
 0.2768208993289167452189758478D+02  0.1704260354057374016178982856D+02
-0.7322515933048914860137301730D+02 -0.4510869712989870095043443143D+02
-0.6875043240973721658804151957D+01 -0.4239453532869950080907983647D+01
-0.2868785549299798787181714488D+00 -0.1766795440163078378947858482D+00
-0.7819026298374815928116099428D-02 -0.4817146504892489376759012742D-02
 0.3710408612755987901122905689D-05 -0.1249348419968578907581630011D-03
 0.2851693009045570263674672547D-06  0.1441713822464196558892704503D-06
-0.2817044078573334368397298230D-06  0.6599953856043998094444563707D-05
 0.3076100495846187366476287561D-03 -0.8886206433120403700917644407D-03
-0.1676847036867961151238633905D-06  0.1471174908744901658841721954D-06
-0.2302348967219801428024655984D-06 -0.1614515354098131905610509322D-06
-0.6150181303764938984212067713D-05 -0.1534070713256241078568942182D-04
 0.1021276792325159554547173157D-04  0.1139106943964413878010721870D-04
 0.4811679327492012531823357795D-06 -0.2647025759076893837331949377D-05
-0.2998987952710258485820236625D-07 -0.1647120520169800488020206810D-07
 0.8510410657725380684446780596D-07 -0.2087387135684855720251375082D-06
-0.1401740967022421509129148642D-05  0.2366736695251607806260842146D-06
-0.1117417963453922637845870669D-04  0.6015464753552112787699651664D-04
-0.2443138150749348512931176727D-07  0.5056594596091548472901414796D-06
-0.4674787418093634202786675926D-06 -0.5615038701589005236473580232D-06
 0.2574990933255137621820871074D-04 -0.1923126487695824200253869041D-03
-0.1611395672277505586918872060D-03 -0.7981057785240611255218184938D-04
-0.4843781942240323612762671612D-05  0.9322175742046851518521344282D-03
 0.3578981241033313276389549173D-02  0.2860016363346188695594707330D-03
 0.2637869127338169153440539105D-01  0.8327943815285498378037098988D-03
-0.2282712760448603050988936047D+00  0.2848743082141011375568728781D-02
 0.1364021610559610797608343091D+01  0.5920844125142345898415996430D-02
-0.7240745271891193546309750673D+01 -0.7431044613875924242929471575D-01
 0.3566859777275165299670334207D+02  0.3478076678531134557914583638D+00
-0.1645527400752372102488152450D+03 -0.1197601253661563225350050743D+01
 0.6565133463378581382130505517D+03  0.5396249228214410109671916871D+01
-0.1736838146703603570131235756D+04 -0.1451665738533962901612994756D+02
-0.1631145623215213902312825667D+03 -0.1436640563887174648627365059D+01
-0.6804045409115789588838651980D+01 -0.5610914901062250687013843731D-01
-0.1854651257292743438132021083D+00 -0.1557894577851025915554705747D-02
-0.3015076588346113015126626067D-01  0.2610796511784664597488614390D-01
-0.7011002541369422500633357132D-04 -0.5267354313308059967843610671D-04
 0.2865298136804220251010189013D-03 -0.2773440879160639534195542666D-02
-0.3101905034320510956558081261D-01  0.2774011554622251782276087795D-01
 0.7359014525037550747375847404D-04 -0.5421239282971449229692195715D-05
 0.8711446344131381453942952753D-04  0.8053940416146276989797087031D-04
-0.3015451969222593831682077692D-02  0.1469434022311117077688735755D-02
-0.2052708069739645033342789748D-03 -0.7278299311889169231903906621D-03
-0.3720257423126438109904634555D-03  0.9578660770129197301811507792D-03
 0.1024478763541810804075724017D-04  0.9703312096820241889477687280D-05
-0.6597660314418043992455709112D-04  0.4572156800024192472783890473D-04
-0.2920586210690952286977983832D-03 -0.1053656195189665547217935937D-03
 0.1203696731511665757308193747D-01 -0.5800388592971700459088868485D-02
 0.1044816029373223071436901921D-03 -0.1426359643621555664538824715D-03
 0.1911671760401709738250858317D-03  0.2363782433109710133002645538D-03
-0.6872191226926060991786471277D-02 -0.2360124457868824354722647740D-01
-0.7472253899467636972103745663D-03 -0.4419967506237260784773823730D-02
 0.2684508049350331493343446709D-01 -0.2667170778915969875377811604D-01
 0.3847306550009560455194446149D-01  0.7644970322940243187548325920D-02
 0.1635603730869844119055755982D+01  0.1654084573336606425741912574D-01
-0.1511635722561396022456392529D+02  0.5488553294883061761666454004D+00
 0.9228674449622296549478051020D+02 -0.1802142180743438792944743909D+01
-0.4941304999976234171299438458D+03  0.6837022075924440223104738834D+01
 0.2442212714735483586991904303D+04 -0.3524468962527842563758895267D+02
-0.1128129160426041744358371943D+05  0.1910717393609471912441222230D+03
 0.4503389205572196806315332651D+05 -0.7208590998929283841789583676D+03
-0.1191654159325367363635450602D+06  0.1891587253559882810804992914D+04
-0.1119145432376232565729878843D+05  0.1726168195826426767780503724D+03
-0.4668255173816506840012152679D+03  0.7462285420557328130541918654D+01
-0.1272480265529434184657020523D+02  0.2014544645872091976901430144D+00
