 0.1387942405035776918462153695D-02 -0.1423561977945635766834575620D-02
-0.1560929229124964068287084729D+00 -0.2645728722199923721447589742D+00
-0.9625293121328386547475020052D+01 -0.3365440530179265365973151347D+01
 0.2724028886330302420826221521D-01 -0.8117094335869906585045896463D-01
 0.2660372584485052802061311183D-01  0.4768168277583510056283344625D-01
 0.1352324638013579216622161994D+00  0.1157031383313981975913264932D+00
-0.6662603610607729931469833673D-01  0.7152118767648556196814269015D-01
 0.7895684156179358370586385263D-01 -0.6745502886930453134706198171D-01
 0.1994831469141071858541813810D-01  0.6579039576781964271390279464D-02
-0.4859067017864419912864804019D-02 -0.3676607052235804362627646924D-02
 0.1889832709535702037761950578D-02  0.6161342390045357331196385076D-03
 0.2239186112167849268539399077D-01 -0.2644640584132015165286233582D-01
-0.1299137744312901798782178275D-02  0.3763508334774565144975611020D-01
 0.1807133101695260896102368520D-01  0.1283516770108762000690560967D-01
-0.1186708653677406855031506439D-01 -0.1990071246095598267444870544D-02
-0.5125355634312888514214634483D-01  0.4667783435865729795011258574D-02
 0.9354025903095553040600407257D-01  0.4725641337990934415236310429D-01
 0.1874984961654576398615290600D+01  0.5538936839056866068276008264D+00
 0.1146984014154302400356755243D+02  0.3975420399886414379864163493D+01
-0.9229332353892596430000594410D+01 -0.2361716930703501304833480390D+01
 0.7668868307592942024086823949D+01  0.3440265648685189248112692439D+01
-0.7184933449923508241852232459D+01 -0.4190243161568303342789931776D+01
 0.7606124264619699815170861257D+01  0.4556962653329289736348073347D+01
-0.5534352232328899390267906711D+01 -0.5104861190066638521045661037D+01
 0.6380919157709933564603943523D+01  0.5267270406631275214692777809D+01
-0.3205940235974005680930076778D+01 -0.5191344532995977978373502992D+01
 0.2548371826026889053196100576D+01  0.4588650900566181078943372995D+01
 0.1802754729134113498290048483D+01 -0.3397663708314617281303071650D+01
-0.2504332257035162268010708431D+01  0.1851715065877183485909540650D+01
 0.3135317300206177382193573067D+01 -0.5420068412209604336027268801D+00
 0.6413481040322682865881254166D-03  0.9573368657946447826678770809D-03
-0.1274236681798299741785740480D+01  0.1031281385511085002537612354D+00
 0.4648517993325553021577434265D+02  0.9918538871715295579534199533D+00
 0.6302672066226971958613489733D+00 -0.1938812140529546923506387657D+00
 0.2903685656376626122998629853D+00  0.1920374009921144986545726852D+00
 0.1222506054181935031266448277D+01 -0.1062257743651062180667565826D+00
-0.1492290313717144767391431515D+00  0.2221103035080323750971587060D+00
-0.8297074733464890883283260337D+00  0.3853501882835129732640666589D+00
-0.5934957241934647048653417301D-02  0.5361413312121560137413212033D-02
 0.4972211344172874913915904926D-02  0.5089661075458357109013718400D-02
 0.2060114735228019133828070153D-02  0.4291481590947276991698799975D-03
 0.6270679431944842230350900536D-02 -0.5513724284212186826925616856D-01
-0.7453383733575710823338056343D-01  0.5969626904581476489752844827D-01
-0.4714083027211039833570538349D-02 -0.7041710182501992321135730890D-02
 0.2174743443426052635913947597D-02  0.1006293220836562696263172256D-02
 0.1937565385312748841850627457D-01 -0.2660000791915599904768896522D+00
-0.1082610239584753442088072006D+01 -0.9882003114800633758463277445D+00
 0.1295851650053054582301115261D+01  0.8455802548169989441007032838D+00
-0.8722237317403633483081648592D+02  0.1178445063791918379081380408D+02
 0.7309978768388025116564676864D+02 -0.2385709633871393720028208918D+02
-0.7313302393455199990057735704D+02  0.1718767047790256086159388360D+02
 0.8056788955535526497442333493D+02 -0.1763473964824532913553412072D+02
-0.8527750876199866070237476379D+02  0.1975624323771289425621944247D+02
 0.9262572417573650795930007007D+02 -0.1867832732940499340656970162D+02
-0.9350448620155351875382621074D+02  0.1962140259529985186759404314D+02
 0.9476732381972428242988826241D+02 -0.1900489202037411473611427937D+02
-0.8391320198807396479878661921D+02  0.1756513192099022546699416125D+02
 0.6661644025254956602566380752D+02 -0.1296890022880174164754407684D+02
-0.3811635733902178913012903649D+02  0.6981746060445712664943584969D+01
 0.1423805179058143544068570918D+02 -0.2028271590712070970852209939D+01
 0.1293273967691778263133794979D-01  0.4232842109583920264803680311D-01
-0.9678221598616504550705030852D+01 -0.6809441318254658703779114148D+01
-0.6690482978295116254230379127D+03 -0.7772742892804446057652967284D+02
-0.2272256940576852013435882327D+01 -0.6813919144893942902996286648D+00
-0.8894408378915628077265864704D+00 -0.3245540757954193944456733334D+00
 0.9863371949084489997972013953D+01  0.1068540756524056778431486237D+01
-0.2955252870628834571675724874D+01  0.2088207928400862112283675742D+01
-0.2043962993693376528625549327D+01  0.5543993396941385709553173911D+00
 0.2116642239802073444110419587D+00  0.2277343645300216046223340527D+00
 0.2425132960472278220720454556D+00 -0.1843955623980297886532753182D-01
 0.5784766440705002565891845734D-01 -0.2700757009461041135978121019D-01
 0.7517669015752160843746310093D+00  0.3284148503990682588238314565D+00
 0.4796528379484855664216524929D+00  0.5534764008403769697252982951D+00
 0.1746337182612258676073224706D+00  0.2279642560194581335508701159D+00
 0.5114174008652128122776048258D-01  0.1242753751913352466829110199D+00
-0.4805423602824954176782057402D+00 -0.1009849040268204989345690592D+01
-0.3401410661611601327081189083D+01 -0.2574306175483330072495391505D+01
 0.6674918864362425097169762012D+02  0.1843508171895132363715674728D+02
 0.1199020960231413255314691924D+04 -0.8256143825721964901731553255D+02
-0.1153789549768426695663947612D+04  0.2873263314899446640993119217D+03
 0.1202225955691988929174840450D+04 -0.2110309253583982354030013084D+03
-0.1328338303276277429176843725D+04  0.2294568683505640649400447728D+03
 0.1427664015596723857015604153D+04 -0.2696363315797922837191435974D+03
-0.1507304038013539638996007852D+04  0.2545375554531192960894259159D+03
 0.1549343139314766858660732396D+04 -0.2724238725089081754049402662D+03
-0.1506608757932580374472308904D+04  0.2655221067176576639212726150D+03
 0.1331016518757183121124398895D+04 -0.2479821930671280938440759201D+03
-0.9769514458366254530119476840D+03  0.1835618349775471642715274356D+03
 0.5284713691187295125928358175D+03 -0.9883746483959085082915407838D+02
-0.1508550389302656924428447383D+03  0.2871756556863874010332438047D+02
