 0.1316470174013665637015139953D-05 -0.5039224186015663577609298429D-06
 0.3109811315953616382961460785D-04  0.1667737663971920915990075629D-04
-0.1499551750808325933993041257D-04  0.2266715518645110377183096717D-04
 0.4000263297608554000767393938D-05 -0.1427220646606821396584329625D-05
-0.8659614884847854839348621492D-05  0.1393808403729495129193868136D-04
 0.1136738302519365072858637672D-04 -0.2661303015295542700015610227D-04
 0.8770385169939632930566700275D-05 -0.1065765721825849944928710222D-03
 0.2132670602135639556333479572D-03 -0.1117774632768031746465897669D-03
-0.3351643063025615395730816282D-06 -0.4107020079832971685279696672D-06
 0.6818260096664457212535612879D-06  0.3365237721632536591943613696D-06
-0.1528337739037055999571923515D-02  0.2407533051177689585597985200D-03
 0.5648174201526333029635754124D-05 -0.1786400256804062240700327335D-04
-0.3799632422033985173955841427D-05  0.2623894057043770346675628027D-05
 0.4527353325950704570788604708D-04 -0.7016721468470409018777789179D-04
 0.5066569774573216481186599403D-03 -0.7623921653674124460781102997D-03
 0.4075913300911612920096604995D-02  0.2376991391983903408741118923D-02
 0.5323834284197585114961626118D-02 -0.8656439089527944233393164097D-02
 0.2418720613416011980256747904D-01  0.1315209172425376576986977284D-01
 0.5755634072275706003551931644D+00 -0.2230500141679225556412546894D+00
-0.3258770582336182108917910227D+01  0.1473255382741632812937382369D+01
 0.1251235162180643101237365045D+02 -0.5668805415063684627341444866D+01
-0.4045029086388001360319321975D+02  0.1856946149553321490088819701D+02
 0.1217720594117373451581443078D+03 -0.5674705791610424654436428682D+02
-0.3581398388870725284505169839D+03  0.1666640727047054326703801053D+03
 0.1034264492325889932544669136D+04 -0.4820867206640792232974490616D+03
-0.2933118292305534396291477606D+04  0.1369054383256616119979298674D+04
 0.8069973381947314010176341981D+04 -0.3767605560745062575733754784D+04
-0.2076252116478491007001139224D+05  0.9692780806425373157253488898D+04
 0.4533345195696887094527482986D+05 -0.2116391624930743637378327549D+05
-0.6305603184326978953322395682D+05  0.2944100009531066461931914091D+05
-0.3103302711472096555152212424D-05 -0.2597917315374963658126819879D-05
-0.6770759569980161431037440911D-04 -0.7318621550226616528402046047D-04
-0.5689325494712541480884712697D-04  0.1130319969169448109103104372D-03
 0.2440699489577439655141680164D-05 -0.2301085309818424247830376261D-06
 0.2544382643631653366489940582D-04  0.1405452344508687095056380378D-04
 0.5371989639358118017852666837D-04 -0.1370534919319240057915265663D-03
 0.2583985611280938208406121603D-04  0.1107709461199301746378576006D-03
 0.6384272547916016674746098047D-03  0.1661261492845562081060312165D-03
-0.1131858971954755683966137303D-05 -0.1498218660666591041732975675D-06
 0.1033317788263345574713454600D-05 -0.1813003840034698494647954353D-06
 0.3536617333224576224977309113D-03  0.1368937480088223447582951309D-01
 0.1695891113584463733308721131D-07 -0.5481723862175220707585940327D-04
 0.1404498913273416597663912492D-04 -0.5194031522649995665148227320D-05
 0.6943421613794053908180065049D-04 -0.5465753025014233150435938313D-03
-0.2523947150339393621226724562D-02 -0.6183070066986802535563549910D-03
-0.7775490376101208689352262127D-02 -0.1743861135593763669882072520D-01
 0.1896019722087103828722653986D-01  0.4474550557949978635274845828D-01
 0.1392303479854022918438261058D+00 -0.3802007120819865526595293659D-01
 0.2279938569879216725411197331D+01  0.1453898286301775200080044215D+00
-0.1270740486543113334505505918D+02 -0.5524142406615418776638648524D+00
 0.4820523198146235444028206985D+02  0.2427173596455072246413919856D+01
-0.1553337878903118109974457184D+03 -0.7631789026876307779900798778D+01
 0.4678852157118316767991927918D+03  0.2097053549162083996293404198D+02
-0.1374256239647342226817272604D+04 -0.6322241447031357353125713416D+02
 0.3968178206499650514160748571D+04  0.1811607087166425458235607948D+03
-0.1125437224353540659649297595D+05 -0.5092008115631260807276703417D+03
 0.3096330305453168330132029951D+05  0.1399709706885815876376000233D+04
-0.7965892673542203556280583143D+05 -0.3604556422872309667582157999D+04
 0.1739274267847658193204551935D+06  0.7870482292233434236550237983D+04
-0.2419260012176273739896714687D+06 -0.1093809871838276012567803264D+05
 0.8235279453873550477120690783D-04  0.6876682243644904771011361344D-04
-0.7116561989528132807850124841D-03  0.1329992070372168705763571417D-03
 0.1556466641235428527076378735D-02 -0.2787216120803607481010155666D-02
-0.4327068953801096285816454867D-04  0.1555849577445623344940442423D-04
-0.7756554284969463530785560579D-03  0.1210842035313832294697242165D-03
-0.1453885116719828710443729314D-02  0.3374542890413011891892480776D-02
 0.3246933436676176687636641294D-03  0.1608290534111869165764807654D-02
-0.2574983643570302824926665508D-02 -0.3794054640593802008377566359D-03
 0.2968307223199162167559528314D-04  0.3550263498037901400972149446D-05
-0.2205795014099145413084476774D-04  0.6527393256081331744666851336D-05
 0.4873070443325452222316229722D-01  0.4022136297518200814815614308D-01
-0.3856835463759692079512009233D-03  0.2156749985576724576181312232D-03
-0.1615351338653665770259126866D-03  0.6588859841525197911377143001D-04
 0.1380894247787201913058030556D-02  0.1298080648984881310323280523D-02
-0.5324338926435764549061069317D-02 -0.5482297914701179941676656426D-02
-0.5377334124141212173819681652D-01 -0.7801587103163190595189746546D-01
 0.4120412959973975691729819459D-01 -0.7052231538458171578032107618D-01
-0.1237778388700925685794729247D+00  0.1271429086203523795006731234D+00
 0.2694465221634165175146335969D+02  0.1385830299313207225608834960D+01
-0.1621475777746045423555187881D+03 -0.4108518767561299078749925684D+01
 0.6265870055588616196473594755D+03  0.1962406318286555872987264593D+02
-0.2036736128597430251829791814D+04 -0.6005194453247424490882622194D+02
 0.6155020620169086214445997030D+04  0.1535658122765390771746751852D+03
-0.1810649708498928157496266067D+05 -0.4712973206922141002905846108D+03
 0.5231567195059269579360261559D+05  0.1340965666706325691848178394D+04
-0.1484160615544841566588729620D+06 -0.3740706048121785897819790989D+04
 0.4083748578216585447080433369D+06  0.1027322212667952044284902513D+05
-0.1050677450297042494639754295D+07 -0.2647388920667275669984519482D+05
 0.2294102680070178583264350891D+07  0.5780452744028954475652426481D+05
-0.3191032250205298885703086853D+07 -0.8027814496999594848603010178D+05
