 0.2713671095581392158496703004D-02 -0.1955654295853630794503608126D-03
-0.9116967814852328100272416123D-01  0.1778692358938093742715125245D+00
-0.1307558089333929040448678549D-03  0.5724338127756356531250503394D-04
 0.1858801949897707353129283625D-02 -0.1571981093093965443398263293D-03
-0.2054350504625277254455717468D-03 -0.1323138347395098543546332337D-02
 0.1766252758732059224833221833D-03  0.8915153788947652313545688685D-03
-0.1734632285124680650678641314D-03 -0.4353544697253530076919147973D-04
 0.3786309468286064294773041183D-03 -0.8717217298331164654356939536D-03
-0.6276355192238551421179959533D-02  0.3286717956669357211529902685D-02
 0.2310741787276566257952614691D-02 -0.3923735787431257594770617203D-02
-0.3855067349378568392764821127D-02 -0.3920134071419271136471618178D-02
-0.8741584298960155402502536504D-02  0.1453160416633799030539098140D-01
 0.1886115073739508263273023658D-02  0.2341923390854955266959791516D-02
-0.1078640126766922113787927628D-03  0.1303505276145058150438771349D-02
-0.1690351304430669915346285848D-01 -0.1698362457325486643555656485D-01
-0.4746842761590291948081699047D-01 -0.7515175693727148276135352489D-01
 0.9524484968640456461486110129D+00 -0.6058399590109807553162113436D+00
-0.3592738127472490106129043852D+00  0.1827409732814836651471068762D+01
 0.3403602313793328004720706303D+01 -0.3884271286252135357841552832D+01
-0.4738883438485854249222484214D+01  0.7082664791689979644218055910D+01
 0.1018832076418332555078904988D+02 -0.1208912694774423002286312112D+02
-0.1474514048755698425452465017D+02  0.1898127236470175205340638058D+02
 0.2402751108479022690289639286D+02 -0.2839304789010580876151834673D+02
-0.3331359299448553912270654109D+02  0.4131572481754412251575558912D+02
 0.4822527734646039476729129092D+02 -0.5760715555563037781894308864D+02
-0.6360302296272783451058785431D+02  0.7651815264366510405125154648D+02
 0.7862774919644627402703918051D+02 -0.9384349950854694100144115509D+02
-0.8269788874534668821070226841D+02  0.9949863264091074199768627295D+02
 0.6714353253502682150610780809D+02 -0.8044841793543476171635120409D+02
-0.2994558710776041365875244082D+02  0.3636386082155848242791762459D+02
 0.2906362928236966899214754889D-02  0.2147138990500514332121495542D-02
-0.4883762751701218318700625787D+00 -0.2079232629056895764740886534D+00
-0.1737679802685243579674079228D-04 -0.1040483510828678868909147326D-03
 0.2767507219220509580293043683D-02 -0.2406084173913207793771285026D-02
 0.4238058930647325972529415594D-04  0.1858890799298802687378184828D-03
-0.4594723160317188553891654124D-03 -0.3557364354051777838305881119D-03
 0.4292773643007133377302864119D-04  0.6702079328980287131756199415D-04
-0.9888041232142402714444529011D-03  0.2001104860419045117225778085D-03
-0.1774398249991011172754795666D-01  0.1545239128239061718317337579D-01
 0.4490756233498623475886013523D-03  0.1118915870908530028893235198D-01
-0.1064361504007575731645118822D-01 -0.1381088166664679733885989776D-01
 0.7532724302418772333034269195D-01  0.1291981438726005904094051857D-01
-0.8483162058879611944206544649D-04 -0.9528240399917647929228792236D-02
-0.9497895031493341910788785754D-04 -0.3746253151769990408226362888D-03
 0.1050175409869718717859043977D+00 -0.2828318074882159652294610908D-01
-0.3947175737103220671819769905D+00  0.2307011184401241976615892781D+00
-0.8388317095381916388419085706D+00  0.2823247554415024285212609811D+00
 0.7600061870535192554143577581D+01 -0.1703107575934125428318566264D+01
-0.1410998004431171715111759113D+02  0.3111669837048826270375911918D+01
 0.2856076090916564425015167217D+02 -0.5534339569833139016452605574D+01
-0.4395339106452879462949567824D+02  0.1038576636218823878721195797D+02
 0.7164560759421817692782497033D+02 -0.1600562497010418994136671245D+02
-0.1045963978421009272778974264D+03  0.2394427015444598794147168519D+02
 0.1529000991332557930491020670D+03 -0.3577345095110455730491594295D+02
-0.2120928043151945985300699249D+03  0.4934716129676383644664383610D+02
 0.2840451554079280072073743213D+03 -0.6483751230838197443517856300D+02
-0.3466897873968869134841952473D+03  0.7994860088458321456528210547D+02
 0.3683034620453398702011327259D+03 -0.8490327749817475933014065959D+02
-0.2974527245574001881323056296D+03  0.6863677018093272863552556373D+02
 0.1350495713650165612307318952D+03 -0.3101504276519960257019192795D+02
 0.2539590143375728813895930713D-02 -0.3127092710583314998096238213D-02
-0.1140324962062859992517616092D+00 -0.2741679444827700706799333830D-01
 0.2021241028834150355031340496D-03  0.6647888955536081917463420154D-04
 0.2708771664422701327956666262D-02  0.2233995678717668777191196483D-02
 0.1000283884088603355427826713D-02 -0.5009540769988036698623368181D-03
 0.1913089739820576958007070090D-02  0.3784983878385209631056707025D-03
 0.2325481087237972824266485361D-03 -0.6583019485807001247579250958D-04
 0.2068871566205290890572143780D-02 -0.1300839384156815548010399652D-03
-0.3450276889753091033585796765D-02 -0.7675435594641386027880969323D-02
-0.3210636777330342565665854959D-03  0.7305241895615391389817716572D-02
-0.5870829330508911189645537831D-02  0.6687064596610415093125290298D-02
-0.6563185575777140401410036930D-02  0.7220241966348917191098610857D-02
-0.9871933558921099777228036487D-03 -0.5005750922758799709155752566D-02
 0.7667723605336556474965092889D-03  0.5090580581208412058735746086D-03
-0.1323537929172665349175641580D-01 -0.7021420099603237555130341718D-02
-0.6867589777019099395172219147D-01  0.1112999921486409332649358817D-01
 0.4944064993423228138169633894D+01 -0.7811401889819109545243236425D+00
-0.3582720099880911845957598416D+02  0.5812543575893974079349391104D+01
 0.1181080680632041151056910167D+03 -0.5721612536403789306405087700D+01
-0.2363068003911241987680114107D+03  0.1049037875043044998335517448D+02
 0.4192367749488967092474922538D+03 -0.2827536254695450068652462505D+02
-0.6731053502603809874926810153D+03  0.4214655153778281970744501450D+02
 0.1022661244949933006864739582D+04 -0.6391685402435984286739767413D+02
-0.1486319948813617656924179755D+04  0.1040509587532289828004650190D+03
 0.2088901815272373369225533679D+04 -0.1392287756011621979723713594D+03
-0.2786746194333974472101544961D+04  0.1770699042101278166683187010D+03
 0.3418470511948117746214848012D+04 -0.2223400716558910517051117495D+03
-0.3624311982738518508995184675D+04  0.2374430482704271980765042827D+03
 0.2932064826612113392911851406D+04 -0.1919121657748278551025578054D+03
-0.1325011302108676773059414700D+04  0.8664807905296306955733598443D+02
