 0.6802761531786339786655876116D-04  0.6501685174359449345075218085D-04
 0.2709730133829130866406076361D-03  0.2525689979120279661170545005D-03
 0.2835588828381312856224093222D-04  0.7265664961066204950734283285D-05
-0.9968401893642846460681650189D-06 -0.4737845107123406793517284008D-06
 0.5192932428622635469654678086D-06  0.7421926105360011211020676569D-06
 0.1415797259219100880014291510D-04 -0.5383858023120028073876808250D-05
 0.9645603983509263494415530982D-06 -0.4698930147571413727409367356D-06
 0.5987292923878982284745242648D-05  0.7171586260376185757887956829D-05
 0.3167613450055543597753352630D-05 -0.1023726977369184354209850907D-05
-0.8917252608291939200215749615D-06 -0.3561675052340972959241671703D-07
-0.2300383173652845434406077202D-06 -0.1938415838257363343725969695D-06
-0.1050900342070099579248887434D-04  0.3415044991309113410048875492D-05
-0.1757867460923483019142763914D-05 -0.3593392054527786604522718306D-05
 0.2512742711508836540926226100D-05  0.2117342468216552799249730032D-05
 0.1480119248358460286895993581D-06 -0.2550839632316952931237897390D-05
 0.1098551817498022990142805821D-04 -0.9320595261972801064283798700D-05
 0.6873133330852231916152650371D-05 -0.1384647904279806714371997556D-05
 0.4013080910779146469845313216D-04 -0.4472803463014636879803778702D-04
 0.1157467772883046972995368940D-03 -0.1552350171151639006503902829D-03
 0.9668338863203940897195209914D-03 -0.6493317800718199179696443757D-03
 0.1222087071224875129415998742D-02  0.5544422339820493815173985119D-03
 0.1616887382426304827984231416D-02 -0.1090442897969530852047073677D-03
 0.9569204363795593250643922723D-03  0.3397154508522193857439352982D-02
 0.1252963453992450050533680184D-01 -0.5286055400161532996650137761D-01
-0.8512874778468043635015760628D-01  0.2968492216340958833598051569D+00
 0.3206062697894038193702215267D+00 -0.1111530124255696971857787503D+01
-0.9451657544691879353493391136D+00  0.3314843014969265588831603964D+01
 0.2222056110625274083503200018D+01 -0.7916205688842241627867224452D+01
-0.4002981180901000968219705101D+01  0.1413686762938925234323050972D+02
 0.4109905780531554420065276645D+01 -0.1446964793834271212347175606D+02
-0.1199616639738427707013654344D-03  0.8687859007884687293638004135D-03
-0.2894780583570333125364992810D-02 -0.4443547451711114641692557115D-02
 0.1331002497854388974193873274D-03 -0.2231892097752358043206977189D-03
-0.4262555906242311131587596762D-05  0.2795196691799664220901000533D-05
 0.4219252169444771089976131684D-05  0.3108798579671938344670678589D-06
 0.1062309905518286218262247189D-04  0.1369043663743222402975896479D-04
 0.4146785165300842512792200978D-06 -0.4978719964169925262659210929D-05
 0.3698345828592915218724357374D-04  0.3330623640935073681568212578D-05
-0.2282094001127169586478401347D-05 -0.1503239748163549062724350658D-04
-0.2526768593861646798430509175D-05  0.3563092541671340285694413730D-05
-0.9441188021100018477101828429D-06  0.9224985198752987374665179843D-06
-0.1420774895961028107260748499D-04  0.4258252250545708009199508126D-04
-0.1769347529512843130838212202D-04  0.9304530487753406766543440298D-06
 0.1247322877037681555789649934D-04 -0.3324728587039086497023632205D-05
-0.1809121070582762983445027083D-04 -0.1055856844332950597326742370D-04
-0.7458228532557906642792844298D-04  0.2889438095180690889516444964D-04
 0.1192931559327301861694881069D-04 -0.2577191977290254308596839650D-04
 0.3030414708291458408123686397D-03 -0.2555722959767137581615914499D-03
-0.2051932737057977386430085431D-02 -0.4178171930347578436580613381D-03
 0.2443677938267967771242272779D-03  0.1228555864557816929005795714D-01
 0.2517363360104928060589912775D-01 -0.8433209795026498298287087607D-02
 0.1688406904829975116455464956D-01  0.1500803723184723032987863967D-03
 0.6072459464907618148510337619D-01  0.1058632482756051429451105150D-01
-0.6551911470337388188056593208D+00 -0.1690516051342553227598841659D+00
 0.3577290357345932036992053327D+01  0.1075127467029441064028105757D+01
-0.1321258288543062064945843304D+02 -0.3958726845877953870456167351D+01
 0.3918938274319367565112770535D+02  0.1163328234346968059753635316D+02
-0.9333263676369661254739185097D+02 -0.2733844073475484037771821022D+02
 0.1664406661198568144754972309D+03  0.4924345343440852218463987811D+02
-0.1702277422793953007840173086D+03 -0.5056050669796368168817934929D+02
 0.3084289129839288060019875104D-01  0.7869700390433241599108526998D-01
 0.2119754228818492847175036786D+00 -0.5388573511043979503976064649D-03
-0.5151676841901445258464775634D-02  0.3448093661938037013392488461D-01
 0.1785760765720285740687511833D-02 -0.1907096935124492215196667644D-02
-0.2046077691847891788512470157D-02  0.7622072461013762456616404961D-03
-0.6033072400038738680727590236D-02  0.2489365149595688248007618881D-01
 0.3796966586030667278883754534D-03  0.2535746797797128887497208893D-02
-0.2318931413531093860269649554D-01 -0.2198846566521847623043584008D-02
 0.5742525578574628371264498838D-02  0.6540848594775036661808087501D-02
 0.9225271342111190236989770597D-03 -0.2054558641386129702599561142D-02
 0.3956833446650872415650823655D-03 -0.6872943303764069734873576323D-03
 0.1778746628628563586360655790D-03 -0.2363475326039233062602740176D-01
 0.8864123519661494185473138430D-02 -0.2134143584499343694604878152D-02
-0.5675813018507308571614089487D-02  0.3843536673008489477215698926D-02
 0.1049291167879682490360337965D-01  0.3285903221070850168533672431D-02
 0.1649025502347353441812138897D-01  0.1227493133755553147978822892D-01
-0.1816025533867324237569107481D-02  0.1488055222960153745059841413D-01
 0.1795410860019268015075333267D-01  0.5369786354203866240997200521D-01
-0.6881379241765046839152120128D-01  0.1033192777962011199566205732D+00
-0.2976413508064159607613419212D+00 -0.1457449505907404962989915020D+00
 0.3223705781228721617415189371D-01 -0.1722488127172502880846138851D+00
 0.2837091284398461921156808785D+00  0.4226157300306522188182434263D-02
-0.2593221906293632361695244981D+01  0.4561287556065520831793946854D+00
 0.4208673179759171745217827265D+02 -0.6821655316458496542963985121D+01
-0.2408721206290835255003912607D+03  0.3073569366816026615651935572D+02
 0.9031847478308998233842430636D+03 -0.1188275696139914430204953533D+03
-0.2693950110230662176036275923D+04  0.3640947304923048477576230653D+03
 0.6428143818065809682593680918D+04 -0.8956662923413215366963413544D+03
-0.1149720536021390216774307191D+05  0.1572693471607866058548097499D+04
 0.1177573898974319854460190982D+05 -0.1599548092925145965637057088D+04
