 0.1000000000000000047921736024E-03 -0.1366110560554102508479257239E-01
 0.6017659685183355255944093187E+00  0.9547050395974393532938506723E-02
 0.3722756868255909512566148578E-01  0.4516095879455469391805522150E-01
 0.7123229805797804368994174951E-02  0.3229388595609442025313740032E-01
 0.1288494282960149853178855039E-01  0.2117540461665481932307386614E-01
 0.1703542476119380283394733056E-01  0.4032231069612439433580419745E-01
 0.9752550636171777170835284210E-02 -0.3589613867585341594468317794E-01
 0.2878569946763000902967277739E-01 -0.4515035986636487669310113802E-01
 0.6333456592368322257691204413E-01 -0.5181666616015711407383648179E-01
 0.1122367606430581393750500752E+00 -0.4031377906205572438091966347E-02
 0.5399806208532063195315586768E-03  0.2314871524241808239952256088E-01
 0.2214405681571783232608474634E-01 -0.3731403755539920014117072355E-01
 0.7773713210031912672348664017E-03 -0.2006895808535520686621822506E-01
 0.1485567444006437927851022041E-03  0.1425142131469536548038501422E-01
 0.3525952098427407015862611317E-02 -0.2844150726721655572659663846E-01
 0.4848167601832911038917117708E-01  0.3419172492484983533200804118E-01
 0.8393812694793788276026447193E-01  0.1565060554182825039437609860E-01
 0.1531917254482242363167188159E+00 -0.5372643195414485151051309231E-01
 0.3799613450400734504519562051E+00 -0.3287940097673682990353505318E-02
 0.8955156929376197894043798442E+00 -0.1439611773929724836129651067E-01
 0.1353690246137779107371557075E+01  0.1490204130006572702527023466E-01
 0.2183851341327084583099349402E+01 -0.1022882026620556585039256703E-01
 0.3566763092095873943776496162E+01  0.1079579730252031195825157539E-01
 0.5753977601610483993965772243E+01  0.5252179007685571845986949313E-02
 0.9215072713427964856691687601E+01  0.1209781924902204874872069240E-01
 0.1485881590601030843856733554E+02 -0.1891212945394420488764986032E-01
 0.2392369523538056697020692809E+02  0.1417009469954797623580944332E-02
 0.3855715448664312816617893986E+02  0.9849089182798710304100886503E-02
 0.6212104711139826207499936572E+02  0.1315325741040145914040326858E-01
 0.1000182952988550795225819456E+03 -0.2098331058300244647552013078E-01
