 0.3320392202357139535030816635E-03  0.3533131241086318735655780188E-01
 0.8321739650959933398688406214E-02 -0.3421378520598732098090266618E-01
 0.1330808239099575047449663945E-03 -0.8513800340769281035924187506E-02
 0.2116426430378147319037729357E-03 -0.2439328735758260549570941578E-01
 0.1778928799454752764791498620E-02 -0.3708862267776867616131397654E-01
 0.7839253655964934950836631167E-03  0.1970171864053929695892453111E-02
 0.1043081298930678829650631201E+00 -0.5149579585023427580336985443E-01
 0.1187730464954313887998571531E-02 -0.2048703040304622469136575091E-01
 0.5127451215019646285978027755E-03  0.2101405539922040349720688823E-01
 0.5759408178843639265764853263E-02  0.3854233797369141512056955889E-01
 0.3922374023038073358182753481E-02  0.2361399259831134869735969062E-01
 0.2496329293244078581515132953E-01 -0.5028470220089287928688648321E-01
 0.1715205655643781482155851847E-01  0.4717990092791980033526400007E-01
 0.2648998858712500910350673422E-02  0.1778516138958730757879678208E-01
 0.1201883363190001455245159434E-01 -0.3990262973890269099230820871E-01
 0.3500499316683885336898285345E-01  0.5755601053387421339735396941E-01
 0.4996333951777675447258886265E-01 -0.6003234602676625619732675432E-01
 0.7447440429919947868508955935E-01  0.6668383828613641539639900202E-01
 0.2408824212965198219293938564E+00  0.3734862016464148004590839491E-01
 0.5651825671169593556797394740E+00  0.4036106188049057297284605283E-01
 0.1386225422590174227721604439E+01 -0.3005808194251075732283950970E-01
 0.2213745681150213417964778273E+01  0.1295486615534013549733138859E-01
 0.3554135885150019102951546301E+01  0.1905413211490673396769635062E-02
 0.5756301276425060287067481113E+01 -0.2930400881162882609221043140E-01
 0.9266311845917620360069122398E+01 -0.1269704701120941874384340231E-02
 0.1491179382184736468275332300E+02 -0.1198638746382910298671209404E-01
 0.2396194772807514894452651788E+02  0.6570113615383516535162211625E-02
 0.3851463286782458084189784131E+02 -0.4481258082343908544231680935E-01
 0.6210610990958974042541740346E+02  0.1186467399445093745535828589E-01
 0.1000193971528998559961110004E+03  0.8500985443233523286554742526E-01
