 0.2627376456170611111057278109E-02  0.1666214106332506578178609402E-01
 0.3883854501764358747167849018E-02 -0.1976706771441495702479329566E-01
 0.1343772716833235569833249201E+00  0.9333035708116450834825883476E-02
 0.5812666345480679147561531295E-01  0.4464884641031000717115162502E-01
 0.3404693843700593719470148812E-01 -0.3621540811765577155822981581E-01
 0.1910336290677538614857233767E-01 -0.3732952783576815036781226809E-01
 0.1231353744990907857562167926E-02 -0.2069380472148484029215609326E-01
 0.2410786573231323004495862961E+00  0.1174086422925545679374348396E-01
 0.2606016405993621595782450129E-01  0.4286744836722847229459887330E-01
 0.5570208603358517765458124416E-02  0.2645149652227067604837174031E-01
 0.7725237367051885663260524240E-02 -0.3200908148579956896684350909E-01
 0.1394375994685666080019625923E-01  0.3434398004759695033349942150E-01
 0.1038143324517462780243182152E-01  0.2361933344084160557585505558E-01
 0.1824070504303400806767054831E-02 -0.7818192467061706868447501506E-02
 0.7655252777557973453692596877E-01  0.2540838447678742464952428293E-01
 0.4450351693859248142226547884E-01 -0.3956556609900094972909201374E-01
 0.1012045599802715578618972359E+00 -0.2925764620491839301807956986E-02
 0.1794236096796924251339788725E+00  0.9755814508011592667280353908E-02
 0.3261891195940046506152043548E+00  0.1408690964979661744416183922E-01
 0.4447680355258993301070802318E+00  0.2069137166560285415184416991E-01
 0.6119278231731675177229590190E+00  0.3006208498157450850762906214E-01
 0.8514071220149846963565209990E+00  0.4667986719261218997445439527E-01
 0.1205032718089101617664482546E+01  0.6733488126641205828715186499E-01
 0.5361168886524906085355723917E+01 -0.1850423227295262601152514570E-02
 0.9091360135581521006997718359E+01  0.7856510543437832116975272356E-01
 0.1490229918949178156140078499E+02 -0.1622620768482720826630938404E-01
 0.2397476353657383896234023268E+02 -0.4602248180375081987314445087E-01
 0.3855461830308166071290543186E+02 -0.1971742454814320172351571614E-01
 0.6216788611568437517007623683E+02 -0.2982397827301855319781509479E-01
 0.9993603452206599513374385424E+02  0.2718400350579997307165491804E-01
