 0.8216121563378566078697518016E-03 -0.1345240517739860683366082128E-01
 0.1699692070314037239953108838E+00 -0.1305209182116352957525595713E-01
 0.5232706648000821914035185500E-01  0.4618216492625121238901897414E-01
 0.3936033978225352003565973291E-01  0.4792023043594212383666786081E-01
 0.9217737722894324414735223172E-02 -0.3680905225182458384569628151E-01
 0.2217229646426737907360937641E-01 -0.4164593466775007996050206316E-01
 0.2968191377197224034567568651E-01 -0.4591222462829080974699991202E-01
 0.1237667077052820308047387243E-01  0.3257828634297767894656416843E-01
 0.2343500123546827813153514697E-02 -0.2063003498164532947822813469E-01
 0.3241106195289050664193331031E-02 -0.2977931597290278328826751419E-01
 0.1679787251011571848000047957E-02  0.1041719688297820106681612629E-01
 0.4464458239450583634799762933E-02  0.3057372161717162445393469739E-01
 0.1199222209434890225321357349E-02  0.1813894503911074942981151992E-01
 0.6351567974446402711774517513E-02  0.4241757744300947430282633377E-01
 0.1663432611627833554446276310E-01  0.4399290902844201628374420920E-01
 0.6948099024083714825295032824E-01 -0.5526691733670233835917784404E-01
 0.9313141709707811743967909024E-01 -0.4375004880270823293120230346E-01
 0.1254922931114471895686079961E+00 -0.9082123217712220752950713631E-02
 0.2322300780468469494355332472E+00 -0.7706041439340353439713116046E-02
 0.3212483077334777337163984612E+00 -0.2377681726412259402558824206E-01
 0.9022701733589999495421807296E+00  0.5132349671281172254211355721E-01
 0.2041396378046270942974160789E+01  0.7683279669673934685059091265E-02
 0.3481664631556297351266948681E+01  0.7024969835376528200232559840E-02
 0.5714989597418346889412532619E+01  0.1278849852401836573179139123E-01
 0.9237782891446954636194277555E+01  0.3587576258980725713021442402E-01
 0.1488190285830764736374476342E+02 -0.2077528098778936779811310487E-01
 0.2389947823398197002120468824E+02 -0.6855547055834177588851119367E-02
 0.3856116991248982373008402647E+02 -0.1178636704595223232139300507E-01
 0.6204042294943072022306296276E+02  0.3982735518939862356946335353E-01
 0.9998871171258232948275690433E+02  0.1169873376964660968702069965E-02
