 0.1924028574435337991463401686E-02 -0.1600938191703398308374239889E-01
 0.9066836170890374413389167785E-01  0.1860324157640130468549521936E-01
 0.6103247672230498709067259000E-02 -0.2682481890247831804452438575E-01
 0.2874752533899726514299288738E+00 -0.7522156406581419034462765438E-02
 0.4434198649077868148449255159E-02  0.2148687009270976513986006751E-01
 0.1412631309414715333194756397E-01 -0.3331138270472500106933466668E-01
 0.3232587051956720830547808987E-01  0.3559619107603048671073509013E-01
 0.1885612268003509714442422762E-01  0.3569832543830210591639939821E-01
 0.1074730296119944666921597332E-01 -0.2001921662099290927239181315E-01
 0.2780517317882281840002445250E-02  0.1516164240461932537218370243E-01
 0.5340359216109763496049822606E-01 -0.4509987136442270699854262261E-01
 0.4154160615324937327885734817E-01  0.3727302931450148654191067976E-01
 0.8175443389696132254207405765E-02  0.3050501291833699821220982074E-01
 0.2517628339149414681830130291E-01 -0.4166227450940669652101888687E-01
 0.6942151919820334360355928993E-01 -0.2364116097468510480084091796E-01
 0.1191017225990033262528200453E+00 -0.2219489965103248565493621047E-03
 0.1577543952385612457955943455E+00 -0.3598878838901523567750384558E-02
 0.2112331080438853980751900963E+00 -0.5470608407359509040013278991E-02
 0.4384517880142702606072191429E+00 -0.3126030846834704918224545622E-02
 0.7720933175705108064690307401E+00  0.1050693742135332640896816514E-01
 0.1340957687409003673550955682E+01 -0.1356215246901265429613214764E-01
 0.2197164055800291837527993266E+01  0.1710964188156632349857577680E-02
 0.3596740500417270780530998309E+01  0.1401819761903738779246220147E-02
 0.5716759042360440190577719477E+01  0.2438445433890671157350915621E-01
 0.9191297053726618315749874455E+01  0.1706016853772104879816140510E-01
 0.1486027405246325017174058303E+02 -0.9170718278453695443408477672E-02
 0.2395283367387261108660823083E+02  0.3725567256296556661876451244E-01
 0.3858416707264217393458238803E+02 -0.1839637362859217889488050446E-01
 0.6208119772854824702790210722E+02  0.3490460135711460909480052806E-01
 0.1000269412301370692830460030E+03 -0.6050454526261415943988453137E-01
