 0.4065791744272785612768217334E-01 -0.3021476586815092374438407319E-01
 0.2438853162163789334293539923E+00  0.7232528115863291751086450176E-01
 0.3093442863606045423185975096E-01 -0.3818521745962487334846713338E-01
 0.2353794959705953968032154933E-01  0.4428703052296568964951717362E-01
 0.7217727648774073696824604696E-02  0.2626316182166322718560813598E-01
 0.1751945950440009572290911422E-01 -0.2971715936708341915251097021E-01
 0.5290820152911837603859623869E-02  0.1487882858575128620925998035E-01
 0.1304385243488982021320410354E-01 -0.3123204699164749270634544587E-01
 0.9765848430389887507852009207E-02  0.3361070462981393530688123406E-01
 0.2775899944790031440705613264E-02 -0.1154551862299265860278829621E-01
 0.5337871994677687720320946596E-01  0.5298800062067832161716296469E-01
 0.3853236402455393564553398633E-02 -0.2249520144546542782526543647E-01
 0.9697439158702728665209513714E-03  0.6985819353752253067779687257E-02
 0.1396433141731289340886634776E-02  0.7476429693390928589435961982E-02
 0.1979535706061668481892112936E-02  0.8262543424829248833729522516E-02
 0.7144901046126829469162800024E-01 -0.3263776345894406349934513401E-01
 0.9585533095373653666992908029E-01  0.5010716052533985276351558014E-01
 0.1296469527448204095421147031E+00  0.6769678319346932038325093117E-01
 0.1770317861625739508379950848E+00  0.7921947103513607424396525403E-01
 0.3388834950826337677476374211E+00  0.7008801976090460461588094176E-01
 0.4760617704949127726443691699E+00  0.6302941838946782282526726249E-01
 0.6781309922123668343374447431E+00  0.5382029071819463550419015974E-01
 0.3374298006276484684917704726E+01 -0.2025339100071150977289136108E-01
 0.5712168058049119423458250822E+01 -0.3045986002899355761519561980E-02
 0.9186358583268033228819149372E+01 -0.3720579957044553576217538193E-01
 0.1490282641793766948978827713E+02  0.1430933757557062598053665425E-01
 0.2395260131765487443544770940E+02  0.2298153366478011827567229375E-01
 0.3857716775837140943394842907E+02  0.1377219891669625301267032569E-01
 0.6206044150326256669814029010E+02  0.3215129945262650001946980183E-01
 0.9999554075975382261276536155E+02 -0.8932941744325339009091813125E-02
