 Initial exponents : 
  1  0.100000D-03  0.000000D+00
  2  0.161026D-03  0.000000D+00
  3  0.259294D-03  0.000000D+00
  4  0.417532D-03  0.000000D+00
  5  0.672336D-03  0.000000D+00
  6  0.108264D-02  0.000000D+00
  7  0.174333D-02  0.000000D+00
  8  0.280722D-02  0.000000D+00
  9  0.452035D-02  0.000000D+00
 10  0.727895D-02  0.000000D+00
 11  0.117210D-01  0.000000D+00
 12  0.188739D-01  0.000000D+00
 13  0.303920D-01  0.000000D+00
 14  0.489390D-01  0.000000D+00
 15  0.788046D-01  0.000000D+00
 16  0.126896D+00  0.000000D+00
 17  0.204336D+00  0.000000D+00
 18  0.329034D+00  0.000000D+00
 19  0.529832D+00  0.000000D+00
 20  0.853168D+00  0.000000D+00
 21  0.137382D+01  0.000000D+00
 22  0.221222D+01  0.000000D+00
 23  0.356225D+01  0.000000D+00
 24  0.573615D+01  0.000000D+00
 25  0.923671D+01  0.000000D+00
 26  0.148735D+02  0.000000D+00
 27  0.239503D+02  0.000000D+00
 28  0.385662D+02  0.000000D+00
 29  0.621017D+02  0.000000D+00
 30  0.100000D+03  0.000000D+00


    New RHO = 1.0000D-02     Number of function values =       127
    Least value of F =  5.117965943298428D+00    3.376157831187626D+00         The corresponding X is:
     1.000000D-04   1.018565D-01   3.561846D-02   2.353334D-02   8.875529D-02
     6.827009D-02   4.457621D-01   7.747920D-02   6.643742D-02   1.055708D-01
     1.033212D-01   1.159962D-01   1.082841D-01   9.364274D-02   1.043506D-01
     1.253957D-01   1.541199D-01   3.332802D-01   5.317810D-01   8.539450D-01
     1.374125D+00   2.212332D+00   3.562292D+00   5.736169D+00   9.236715D+00
     1.487352D+01   2.395027D+01   3.856620D+01   6.210169D+01   1.000000D+02
     0.000000D+00   0.000000D+00   0.000000D+00   0.000000D+00   0.000000D+00
     0.000000D+00   0.000000D+00   0.000000D+00   0.000000D+00   0.000000D+00
     0.000000D+00   0.000000D+00   0.000000D+00   0.000000D+00   0.000000D+00
     0.000000D+00   0.000000D+00   0.000000D+00   0.000000D+00   0.000000D+00
     0.000000D+00   0.000000D+00   0.000000D+00   0.000000D+00   0.000000D+00
     0.000000D+00   0.000000D+00   0.000000D+00   0.000000D+00   0.000000D+00


    New RHO = 1.0000D-03     Number of function values =       300
    Least value of F =  1.906793812532228D+00    1.418012886359297D+00         The corresponding X is:
     3.098173D-02   1.053786D-01   7.988896D-03   2.652176D-02   8.423996D-02
     5.229305D-02   4.632680D-01   6.006633D-02   4.068585D-02   1.010992D-01
     9.625242D-02   1.288949D-01   1.206022D-01   9.118722D-02   1.136121D-01
     1.355811D-01   1.420849D-01   3.335351D-01   5.349460D-01   8.604133D-01
     1.383357D+00   2.218570D+00   3.558853D+00   5.739471D+00   9.234082D+00
     1.487670D+01   2.395133D+01   3.856748D+01   6.209871D+01   9.999344D+01
     1.881812D-03   5.875332D-03  -6.204708D-03  -5.321998D-03  -1.909517D-04
    -9.525226D-03  -1.441584D-03   5.944037D-04   7.137861D-04  -1.095269D-02
     9.636598D-03   4.753610D-04   6.178515D-03   1.337197D-03   7.547570D-04
    -1.336253D-02   7.271039D-03   6.288540D-03   1.677767D-03  -2.637578D-03
    -4.030889D-03   3.686988D-03   2.305676D-03   2.578829D-04   2.999997D-03
    -1.071558D-02   6.147798D-04   1.218520D-03   8.881303D-03  -4.369354D-03


    New RHO = 1.0000D-04     Number of function values =      1545
    Least value of F =  1.897772846128915D-01    1.879840213473364D-01         The corresponding X is:
     5.013827D-03   7.920552D-02   3.827148D-03   4.345995D-03   2.759512D-02
     9.087848D-03   4.008560D-01   1.585484D-02   5.921602D-03   6.144205D-02
     4.020590D-02   1.267729D-01   1.104429D-01   3.298142D-02   9.337261D-02
     1.505237D-01   1.986566D-01   3.595092D-01   5.565488D-01   8.696858D-01
     1.396725D+00   2.249378D+00   3.555012D+00   5.738326D+00   9.230952D+00
     1.487948D+01   2.394400D+01   3.851738D+01   6.209273D+01   9.999940D+01
     3.591029D-02   1.375438D-02  -3.976696D-02   5.605063D-04   3.011049D-02
    -2.418393D-02  -2.816807D-02  -1.093492D-02   6.703879D-03  -8.340777D-07
     7.542653D-03   1.460457D-03   3.464858D-02   1.117792D-02   7.828771D-03
    -2.585437D-02   2.588052D-03  -1.141293D-02   1.354644D-02  -1.127652D-02
    -8.895499D-03  -3.658685D-03  -1.679906D-03   1.278831D-02  -8.393483D-03
    -2.514092D-02  -2.104837D-03  -1.161064D-02   2.270864D-02   9.396286D-03


    New RHO = 1.0000D-05     Number of function values =     15046
    Least value of F =  1.411668514209183D-04    1.027996087897482D-04         The corresponding X is:
     3.154082D-03   2.673473D-02   2.181439D-04   2.356743D-03   1.010010D-02
     5.558718D-03   4.329501D-01   7.973238D-03   4.126097D-03   2.121273D-02
     1.649393D-02   5.156640D-02   4.122729D-02   1.288409D-02   3.332363D-02
     6.473089D-02   8.206220D-02   2.924146D-01   5.635948D-01   8.603956D-01
     1.411856D+00   2.231151D+00   3.549476D+00   5.762745D+00   9.278556D+00
     1.489595D+01   2.395362D+01   3.850909D+01   6.211126D+01   1.000290D+02
     3.058225D-02  -4.329211D-02  -1.622491D-02  -2.837935D-02   6.461011D-03
    -8.010945D-03  -4.026983D-02  -3.897032D-02   1.492958D-02   4.031337D-02
     1.231949D-02  -6.496187D-03   4.066442D-02   3.555932D-02  -5.030418D-02
     2.722465D-02  -5.842318D-05  -3.834183D-02   2.019759D-02   1.010732D-02
    -8.925628D-03   2.363034D-02   1.165416D-03  -2.066150D-02  -4.059983D-03
    -1.482125D-02   1.993137D-02  -5.513991D-02   6.599268D-03   7.721831D-02


    New RHO = 1.0000D-06     Number of function values =     38289
    Least value of F =  2.063678306494983D-05    1.515920159954387D-05         The corresponding X is:
     2.199901D-03   1.998502D-02   1.138066D-03   1.607303D-03   6.993608D-03
     4.010558D-03   4.177665D-01   5.386369D-03   2.976361D-03   1.562008D-02
     1.188363D-02   5.070471D-02   3.343323D-02   9.076352D-03   2.577427D-02
     6.985724D-02   9.616809D-02   2.737660D-01   5.625414D-01   8.607582D-01
     1.410710D+00   2.227807D+00   3.549034D+00   5.760242D+00   9.279970D+00
     1.488558D+01   2.395880D+01   3.850822D+01   6.210810D+01   1.000274D+02
     2.257394D-02  -4.299677D-02  -1.669842D-02  -2.753236D-02   1.808909D-03
    -1.048781D-02  -3.590511D-02  -3.551080D-02   1.437699D-02   4.118050D-02
     2.697219D-02  -5.811716D-02   5.240043D-02   3.042368D-02  -4.133932D-02
     5.362855D-02  -1.755411D-02  -3.042746D-02   1.699892D-02   1.473143D-02
    -8.363579D-03   1.617018D-02   1.058843D-04  -2.419788D-02   1.027383D-03
    -1.971973D-02   1.545295D-02  -5.358625D-02   1.107290D-03   7.797923D-02

    At the return from BOBYQA     Number of function values =    732946
    Least value of F =  1.401289181051155D-06    1.372194281991042D-06         The corresponding X is:
     3.320392D-04   8.321740D-03   1.330808D-04   2.116426D-04   1.778929D-03
     7.839254D-04   1.043081D-01   1.187730D-03   5.127451D-04   5.759408D-03
     3.922374D-03   2.496329D-02   1.715206D-02   2.648999D-03   1.201883D-02
     3.500499D-02   4.996334D-02   7.447440D-02   2.408824D-01   5.651826D-01
     1.386225D+00   2.213746D+00   3.554136D+00   5.756301D+00   9.266312D+00
     1.491179D+01   2.396195D+01   3.851463D+01   6.210611D+01   1.000194D+02
     3.533131D-02  -3.421379D-02  -8.513800D-03  -2.439329D-02  -3.708862D-02
     1.970172D-03  -5.149580D-02  -2.048703D-02   2.101406D-02   3.854234D-02
     2.361399D-02  -5.028470D-02   4.717990D-02   1.778516D-02  -3.990263D-02
     5.755601D-02  -6.003235D-02   6.668384D-02   3.734862D-02   4.036106D-02
    -3.005808D-02   1.295487D-02   1.905413D-03  -2.930401D-02  -1.269705D-03
    -1.198639D-02   6.570114D-03  -4.481258D-02   1.186467D-02   8.500985D-02
 Final exponents : 
  1  0.332039D-03  0.353313D-01
  2  0.832174D-02 -0.342138D-01
  3  0.133081D-03 -0.851380D-02
  4  0.211643D-03 -0.243933D-01
  5  0.177893D-02 -0.370886D-01
  6  0.783925D-03  0.197017D-02
  7  0.104308D+00 -0.514958D-01
  8  0.118773D-02 -0.204870D-01
  9  0.512745D-03  0.210141D-01
 10  0.575941D-02  0.385423D-01
 11  0.392237D-02  0.236140D-01
 12  0.249633D-01 -0.502847D-01
 13  0.171521D-01  0.471799D-01
 14  0.264900D-02  0.177852D-01
 15  0.120188D-01 -0.399026D-01
 16  0.350050D-01  0.575560D-01
 17  0.499633D-01 -0.600323D-01
 18  0.744744D-01  0.666838D-01
 19  0.240882D+00  0.373486D-01
 20  0.565183D+00  0.403611D-01
 21  0.138623D+01 -0.300581D-01
 22  0.221375D+01  0.129549D-01
 23  0.355414D+01  0.190541D-02
 24  0.575630D+01 -0.293040D-01
 25  0.926631D+01 -0.126970D-02
 26  0.149118D+02 -0.119864D-01
 27  0.239619D+02  0.657011D-02
 28  0.385146D+02 -0.448126D-01
 29  0.621061D+02  0.118647D-01
 30  0.100019D+03  0.850099D-01
 time:   27787.1887050000        6625.84616500016     
