 Initial exponents : 
  1  0.100000D-03  0.000000D+00
  2  0.161026D-03  0.000000D+00
  3  0.259294D-03  0.000000D+00
  4  0.417532D-03  0.000000D+00
  5  0.672336D-03  0.000000D+00
  6  0.108264D-02  0.000000D+00
  7  0.174333D-02  0.000000D+00
  8  0.280722D-02  0.000000D+00
  9  0.452035D-02  0.000000D+00
 10  0.727895D-02  0.000000D+00
 11  0.117210D-01  0.000000D+00
 12  0.188739D-01  0.000000D+00
 13  0.303920D-01  0.000000D+00
 14  0.489390D-01  0.000000D+00
 15  0.788046D-01  0.000000D+00
 16  0.126896D+00  0.000000D+00
 17  0.204336D+00  0.000000D+00
 18  0.329034D+00  0.000000D+00
 19  0.529832D+00  0.000000D+00
 20  0.853168D+00  0.000000D+00
 21  0.137382D+01  0.000000D+00
 22  0.221222D+01  0.000000D+00
 23  0.356225D+01  0.000000D+00
 24  0.573615D+01  0.000000D+00
 25  0.923671D+01  0.000000D+00
 26  0.148735D+02  0.000000D+00
 27  0.239503D+02  0.000000D+00
 28  0.385662D+02  0.000000D+00
 29  0.621017D+02  0.000000D+00
 30  0.100000D+03  0.000000D+00


    New RHO = 1.0000D-02     Number of function values =       127
    Least value of F =  1.743037956815102D+01    2.885120832414586D+00         The corresponding X is:
     1.000000D-04   4.287410D-01   1.129846D-01   1.129846D-01   1.129846D-01
     1.129846D-01   1.129846D-01   1.129846D-01   5.882288D-02   5.258735D-02
     4.987915D-02   7.190323D-02   4.086280D-02   7.958798D-02   1.008648D-01
     1.251623D-01   1.538415D-01   3.314246D-01   5.309048D-01   8.535823D-01
     1.373980D+00   2.212274D+00   3.562270D+00   5.736161D+00   9.236712D+00
     1.487352D+01   2.395027D+01   3.856620D+01   6.210169D+01   1.000000D+02
     0.000000D+00   0.000000D+00   0.000000D+00   0.000000D+00   0.000000D+00
     0.000000D+00   0.000000D+00   0.000000D+00   0.000000D+00   0.000000D+00
     0.000000D+00   0.000000D+00   0.000000D+00   0.000000D+00   0.000000D+00
     0.000000D+00   0.000000D+00   0.000000D+00   0.000000D+00   0.000000D+00
     0.000000D+00   0.000000D+00   0.000000D+00   0.000000D+00   0.000000D+00
     0.000000D+00   0.000000D+00   0.000000D+00   0.000000D+00   0.000000D+00


    New RHO = 1.0000D-03     Number of function values =       301
    Least value of F =  1.560417965203335D+00    1.312071921776630D+00         The corresponding X is:
     2.736059D-02   4.868692D-01   1.270299D-01   1.185497D-01   8.434093D-02
     1.044538D-01   1.106528D-01   9.067230D-02   5.186585D-02   6.049385D-02
     4.548402D-02   6.518445D-02   3.219411D-02   7.141785D-02   9.756963D-02
     1.350142D-01   1.459265D-01   3.336416D-01   5.291182D-01   8.550250D-01
     1.369405D+00   2.208386D+00   3.562763D+00   5.740730D+00   9.235256D+00
     1.487169D+01   2.393822D+01   3.856151D+01   6.210296D+01   9.999880D+01
    -1.293797D-03  -8.615497D-04  -2.475222D-03  -7.866736D-04  -1.080964D-03
    -2.199464D-03  -1.079103D-02   2.764453D-03  -1.933802D-04  -1.091763D-03
    -1.349823D-04  -7.335243D-03   2.703851D-03   2.608915D-03   3.390954D-03
     4.778256D-03  -3.088082D-04   2.426761D-03  -2.391285D-04  -1.257010D-03
     8.173581D-04   1.173010D-02  -3.444643D-03   6.870609D-03   1.253970D-02
    -9.335809D-03  -8.983604D-04   5.503628D-04   8.635686D-03  -8.646446D-04


    New RHO = 1.0000D-04     Number of function values =      1451
    Least value of F =  1.562738198595166D-01    1.491797734035131D-01         The corresponding X is:
     4.666210D-03   4.562198D-01   1.331878D-01   1.176964D-01   4.099920D-02
     7.789216D-02   1.047085D-01   5.661959D-02   9.422056D-03   1.790805D-02
     7.378468D-03   2.135524D-02   6.512330D-03   2.441012D-02   6.501871D-02
     1.505266D-01   1.706073D-01   3.185882D-01   5.823924D-01   8.472641D-01
     1.374876D+00   2.198988D+00   3.544060D+00   5.741943D+00   9.225067D+00
     1.486689D+01   2.393304D+01   3.855357D+01   6.206728D+01   9.998773D+01
    -2.095948D-02  -7.614040D-03   1.101003D-02   3.726938D-02  -1.033066D-02
    -6.484875D-03  -3.044856D-02   1.689629D-02  -3.832892D-02  -3.546287D-02
     2.487383D-02  -5.084582D-03   3.921401D-02   1.671283D-02   1.430361D-02
     1.775248D-02   9.909362D-03   1.504258D-02   2.238291D-02  -6.011479D-03
     1.781478D-03   2.052438D-02   1.770472D-02   1.353245D-02   3.725344D-02
    -1.807435D-02  -2.032604D-02  -7.452128D-03   1.307991D-02   7.343576D-03


    New RHO = 1.0000D-05     Number of function values =      5994
    Least value of F =  6.823286187663444D-03    5.946230490396212D-03         The corresponding X is:
     2.047677D-03   4.422506D-01   1.159412D-01   9.467050D-02   2.095404D-02
     4.029796D-02   7.566400D-02   2.481414D-02   5.925287D-03   1.307845D-02
     4.832877D-03   1.524753D-02   3.975430D-03   1.777569D-02   2.956431D-02
     1.494006D-01   1.830116D-01   2.963401D-01   5.795867D-01   8.673400D-01
     1.375236D+00   2.184624D+00   3.539354D+00   5.730261D+00   9.223706D+00
     1.486372D+01   2.391793D+01   3.853804D+01   6.207773D+01   1.000010D+02
    -1.858596D-02  -1.422004D-02   1.400593D-02   1.124682D-02  -1.802352D-02
    -7.539168D-04  -2.298782D-02  -6.287262D-04  -3.011103D-02  -4.623511D-02
     1.902827D-02   1.256860D-02   3.171584D-02   4.781273D-02   1.606215D-02
     9.806415D-03   2.548003D-03   1.651246D-02   2.455697D-02  -9.283560D-03
     3.942209D-03   1.096801D-02   2.555562D-02   3.959048D-02   4.207196D-02
    -1.551991D-02  -7.808683D-03  -3.974881D-03   1.248578D-02   1.105609D-02


    New RHO = 1.0000D-06     Number of function values =     39370
    Least value of F =  1.211900041813375D-05    8.890868657669322D-06         The corresponding X is:
     1.155881D-03   4.210216D-01   6.821264D-02   5.088703D-02   1.329855D-02
     2.987613D-02   3.896689D-02   1.749241D-02   4.128163D-03   5.543440D-03
     3.059953D-03   7.335777D-03   2.259468D-03   9.851971D-03   2.305365D-02
     9.116903D-02   1.226033D-01   2.471235D-01   5.783276D-01   8.648802D-01
     1.391402D+00   2.177145D+00   3.533172D+00   5.730286D+00   9.246710D+00
     1.488251D+01   2.389852D+01   3.854791D+01   6.204707D+01   9.997927D+01
    -1.558013D-02  -6.623536D-03  -4.443229D-03   5.305834D-02  -3.847190D-02
    -4.442013D-02  -4.104835D-02   3.080430D-02  -2.320308D-02  -3.180687D-02
     7.088437D-03   2.826572D-02   1.744284D-02   3.218126D-02   4.413270D-02
    -1.324960D-02  -3.316271D-02   2.003633D-02   2.389713D-02   1.747532D-02
    -1.641634D-02   1.273786D-02   5.725909D-03   2.657779D-02   3.795331D-02
    -5.773938D-03   7.474801D-04  -6.625974D-03   2.281317D-02  -1.447607D-03

    At the return from BOBYQA     Number of function values =   1063316
    Least value of F =  4.272566120059521D-06    2.903500468903421D-06         The corresponding X is:
     8.216122D-04   1.699692D-01   5.232707D-02   3.936034D-02   9.217738D-03
     2.217230D-02   2.968191D-02   1.237667D-02   2.343500D-03   3.241106D-03
     1.679787D-03   4.464458D-03   1.199222D-03   6.351568D-03   1.663433D-02
     6.948099D-02   9.313142D-02   1.254923D-01   2.322301D-01   3.212483D-01
     9.022702D-01   2.041396D+00   3.481665D+00   5.714990D+00   9.237783D+00
     1.488190D+01   2.389948D+01   3.856117D+01   6.204042D+01   9.998871D+01
    -1.345241D-02  -1.305209D-02   4.618216D-02   4.792023D-02  -3.680905D-02
    -4.164593D-02  -4.591222D-02   3.257829D-02  -2.063003D-02  -2.977932D-02
     1.041720D-02   3.057372D-02   1.813895D-02   4.241758D-02   4.399291D-02
    -5.526692D-02  -4.375005D-02  -9.082123D-03  -7.706041D-03  -2.377682D-02
     5.132350D-02   7.683280D-03   7.024970D-03   1.278850D-02   3.587576D-02
    -2.077528D-02  -6.855547D-03  -1.178637D-02   3.982736D-02   1.169873D-03
 Final exponents : 
  1  0.821612D-03 -0.134524D-01
  2  0.169969D+00 -0.130521D-01
  3  0.523271D-01  0.461822D-01
  4  0.393603D-01  0.479202D-01
  5  0.921774D-02 -0.368091D-01
  6  0.221723D-01 -0.416459D-01
  7  0.296819D-01 -0.459122D-01
  8  0.123767D-01  0.325783D-01
  9  0.234350D-02 -0.206300D-01
 10  0.324111D-02 -0.297793D-01
 11  0.167979D-02  0.104172D-01
 12  0.446446D-02  0.305737D-01
 13  0.119922D-02  0.181389D-01
 14  0.635157D-02  0.424176D-01
 15  0.166343D-01  0.439929D-01
 16  0.694810D-01 -0.552669D-01
 17  0.931314D-01 -0.437500D-01
 18  0.125492D+00 -0.908212D-02
 19  0.232230D+00 -0.770604D-02
 20  0.321248D+00 -0.237768D-01
 21  0.902270D+00  0.513235D-01
 22  0.204140D+01  0.768328D-02
 23  0.348166D+01  0.702497D-02
 24  0.571499D+01  0.127885D-01
 25  0.923778D+01  0.358758D-01
 26  0.148819D+02 -0.207753D-01
 27  0.238995D+02 -0.685555D-02
 28  0.385612D+02 -0.117864D-01
 29  0.620404D+02  0.398274D-01
 30  0.999887D+02  0.116987D-02
 time:   40282.7670890000        9623.68150899909     
