 Initial exponents : 
  1  0.100000D-03  0.000000D+00
  2  0.161026D-03  0.000000D+00
  3  0.259294D-03  0.000000D+00
  4  0.417532D-03  0.000000D+00
  5  0.672336D-03  0.000000D+00
  6  0.108264D-02  0.000000D+00
  7  0.174333D-02  0.000000D+00
  8  0.280722D-02  0.000000D+00
  9  0.452035D-02  0.000000D+00
 10  0.727895D-02  0.000000D+00
 11  0.117210D-01  0.000000D+00
 12  0.188739D-01  0.000000D+00
 13  0.303920D-01  0.000000D+00
 14  0.489390D-01  0.000000D+00
 15  0.788046D-01  0.000000D+00
 16  0.126896D+00  0.000000D+00
 17  0.204336D+00  0.000000D+00
 18  0.329034D+00  0.000000D+00
 19  0.529832D+00  0.000000D+00
 20  0.853168D+00  0.000000D+00
 21  0.137382D+01  0.000000D+00
 22  0.221222D+01  0.000000D+00
 23  0.356225D+01  0.000000D+00
 24  0.573615D+01  0.000000D+00
 25  0.923671D+01  0.000000D+00
 26  0.148735D+02  0.000000D+00
 27  0.239503D+02  0.000000D+00
 28  0.385662D+02  0.000000D+00
 29  0.621017D+02  0.000000D+00
 30  0.100000D+03  0.000000D+00


    New RHO = 1.0000D-02     Number of function values =       128
    Least value of F =  1.732280678253898D+01    2.306496014975361D+00         The corresponding X is:
     1.000000D-04   6.097887D-01   5.706799D-02   5.706799D-02   5.706799D-02
     5.706799D-02   5.706799D-02   5.706799D-02   1.595119D-01   2.629686D-01
     3.321838D-02   6.758194D-02   3.093345D-02   1.437123D-02   4.388593D-02
     1.263455D-01   1.748164D-01   3.248787D-01   5.283498D-01   8.526471D-01
     1.373637D+00   2.212149D+00   3.562224D+00   5.736144D+00   9.236705D+00
     1.487352D+01   2.395027D+01   3.856620D+01   6.210169D+01   1.000000D+02
     0.000000D+00   0.000000D+00   0.000000D+00   0.000000D+00   0.000000D+00
     0.000000D+00   0.000000D+00   0.000000D+00   0.000000D+00   0.000000D+00
     0.000000D+00   0.000000D+00   0.000000D+00   0.000000D+00   0.000000D+00
     0.000000D+00   0.000000D+00   0.000000D+00   0.000000D+00   0.000000D+00
     0.000000D+00   0.000000D+00   0.000000D+00   0.000000D+00   0.000000D+00
     0.000000D+00   0.000000D+00   0.000000D+00   0.000000D+00   0.000000D+00


    New RHO = 1.0000D-03     Number of function values =       329
    Least value of F =  4.062615717693010D-01    3.895121400730301D-01         The corresponding X is:
     6.366751D-04   7.236175D-01   7.267969D-02   2.439078D-02   3.720775D-02
     4.527352D-02   3.065367D-02   5.721309D-02   1.645415D-01   3.023241D-01
     7.221393D-03   5.155675D-02   1.328943D-02   3.391327D-03   1.531342D-02
     1.016842D-01   1.908458D-01   3.287393D-01   5.386191D-01   8.494916D-01
     1.372154D+00   2.209815D+00   3.562417D+00   5.735779D+00   9.238616D+00
     1.487239D+01   2.393837D+01   3.856660D+01   6.211613D+01   1.000018D+02
     4.714148D-03   2.088801D-03   4.911724D-04   1.887758D-03   2.687309D-03
    -6.879791D-03  -3.157747D-03   6.352484D-04   5.346060D-03  -5.923097D-03
     6.543054D-03   6.764948D-03  -1.070148D-02   6.014380D-03  -5.427977D-03
     9.690993D-03   7.625224D-03  -6.704836D-03  -5.202298D-03   3.587257D-03
     6.850494D-03  -1.062623D-02   7.315622D-03  -2.098213D-03  -1.367996D-03
     6.195279D-03  -2.350049D-03   5.312930D-03  -3.956160D-03  -8.366556D-04


    New RHO = 1.0000D-04     Number of function values =      1068
    Least value of F =  3.338418828749670D-02    2.734623364364185D-02         The corresponding X is:
     8.004766D-03   7.321437D-01   7.319991D-02   2.013433D-02   2.822127D-02
     3.297134D-02   2.396533D-02   5.020677D-02   1.551674D-01   3.074732D-01
     1.163524D-02   3.985974D-02   1.401127D-02   9.593734D-03   1.655349D-02
     8.458973D-02   1.882393D-01   3.389822D-01   5.400155D-01   8.470724D-01
     1.368101D+00   2.195947D+00   3.564694D+00   5.737937D+00   9.226097D+00
     1.487915D+01   2.393696D+01   3.856912D+01   6.211755D+01   9.999456D+01
    -8.656286D-03   1.177395D-02   2.805758D-03   2.148215D-02   8.137328D-03
    -3.779492D-03  -2.224618D-02  -1.429224D-02   1.301802D-02  -7.563438D-03
     4.134631D-02  -2.231135D-03  -3.774923D-02   1.769523D-02  -2.160373D-02
     1.702844D-02   4.444737D-03  -2.117619D-02  -1.016316D-02   2.715248D-03
     1.908945D-02  -1.156135D-02   4.285041D-03   7.809464D-03   9.338865D-03
    -3.173022D-03  -8.217429D-03   1.322747D-02  -1.404191D-02  -2.470488D-03


    New RHO = 1.0000D-05     Number of function values =      4687
    Least value of F =  4.149409731381169D-03    3.814593410421054D-03         The corresponding X is:
     2.157001D-03   7.263070D-01   5.913463D-02   1.779671D-02   2.662726D-02
     3.235606D-02   2.227675D-02   4.776286D-02   1.528842D-01   2.925296D-01
     7.421477D-03   3.911590D-02   9.209576D-03   2.685006D-03   1.436396D-02
     7.240580D-02   1.881665D-01   3.550878D-01   5.522702D-01   8.606158D-01
     1.371895D+00   2.181960D+00   3.565815D+00   5.731863D+00   9.217181D+00
     1.486814D+01   2.394107D+01   3.856516D+01   6.212413D+01   9.999357D+01
    -1.807041D-02   1.338297D-02   1.460529D-02   4.407640D-02   3.568062D-02
     1.003430D-02  -4.676526D-02  -2.172915D-02   1.907368D-02  -1.854446D-02
     3.101866D-02  -3.616157D-03  -2.893578D-02   1.804456D-02  -3.625096D-02
     1.323993D-02  -2.290421D-05  -2.852852D-02  -1.419643D-02  -4.170424D-03
     1.396001D-02  -1.945840D-02   6.321123D-03   1.884587D-02   1.816306D-02
    -1.023326D-02  -1.219775D-02   1.724257D-02  -8.509483D-03  -3.224856D-04


    New RHO = 1.0000D-06     Number of function values =     76944
    Least value of F =  9.487143266466249D-06    4.857534782879836D-06         The corresponding X is:
     1.179232D-04   6.567554D-01   3.736392D-02   7.300087D-03   1.309684D-02
     1.723539D-02   9.953868D-03   2.898592D-02   6.300276D-02   1.118931D-01
     2.692838D-04   2.235252D-02   3.904427D-04   1.732520D-04   3.746367D-03
     4.843169D-02   8.330911D-02   3.032752D-01   4.694956D-01   8.958748D-01
     1.360099D+00   2.187233D+00   3.562146D+00   5.746178D+00   9.212327D+00
     1.485682D+01   2.392701D+01   3.856237D+01   6.212019D+01   1.000131D+02
    -1.364448D-02   1.686431D-02   4.507099D-02   3.222163D-02   2.305101D-02
     4.020757D-02  -3.579916D-02  -4.462687D-02  -4.543418D-02   3.009995D-02
     2.365642D-02  -3.667488D-02  -2.059712D-02   1.449014D-02  -2.844112D-02
     3.732453D-02  -1.740085D-02  -1.111160D-02  -2.604942D-02  -1.595063D-02
     1.938482D-02  -1.243623D-02   1.414106D-02   9.511112D-03   1.017956D-02
    -1.490827D-02  -1.541185D-03   1.578031D-02   8.829294D-03  -2.411404D-02

    At the return from BOBYQA     Number of function values =    353730
    Least value of F =  7.638558037952216D-06    3.771899881102845D-06         The corresponding X is:
     1.000000D-04   6.017660D-01   3.722757D-02   7.123230D-03   1.288494D-02
     1.703542D-02   9.752551D-03   2.878570D-02   6.333457D-02   1.122368D-01
     5.399806D-04   2.214406D-02   7.773713D-04   1.485567D-04   3.525952D-03
     4.848168D-02   8.393813D-02   1.531917D-01   3.799613D-01   8.955157D-01
     1.353690D+00   2.183851D+00   3.566763D+00   5.753978D+00   9.215073D+00
     1.485882D+01   2.392370D+01   3.855715D+01   6.212105D+01   1.000183D+02
    -1.366111D-02   9.547050D-03   4.516096D-02   3.229389D-02   2.117540D-02
     4.032231D-02  -3.589614D-02  -4.515036D-02  -5.181667D-02  -4.031378D-03
     2.314872D-02  -3.731404D-02  -2.006896D-02   1.425142D-02  -2.844151D-02
     3.419172D-02   1.565061D-02  -5.372643D-02  -3.287940D-03  -1.439612D-02
     1.490204D-02  -1.022882D-02   1.079580D-02   5.252179D-03   1.209782D-02
    -1.891213D-02   1.417009D-03   9.849089D-03   1.315326D-02  -2.098331D-02
 Final exponents : 
  1  0.100000D-03 -0.136611D-01
  2  0.601766D+00  0.954705D-02
  3  0.372276D-01  0.451610D-01
  4  0.712323D-02  0.322939D-01
  5  0.128849D-01  0.211754D-01
  6  0.170354D-01  0.403223D-01
  7  0.975255D-02 -0.358961D-01
  8  0.287857D-01 -0.451504D-01
  9  0.633346D-01 -0.518167D-01
 10  0.112237D+00 -0.403138D-02
 11  0.539981D-03  0.231487D-01
 12  0.221441D-01 -0.373140D-01
 13  0.777371D-03 -0.200690D-01
 14  0.148557D-03  0.142514D-01
 15  0.352595D-02 -0.284415D-01
 16  0.484817D-01  0.341917D-01
 17  0.839381D-01  0.156506D-01
 18  0.153192D+00 -0.537264D-01
 19  0.379961D+00 -0.328794D-02
 20  0.895516D+00 -0.143961D-01
 21  0.135369D+01  0.149020D-01
 22  0.218385D+01 -0.102288D-01
 23  0.356676D+01  0.107958D-01
 24  0.575398D+01  0.525218D-02
 25  0.921507D+01  0.120978D-01
 26  0.148588D+02 -0.189121D-01
 27  0.239237D+02  0.141701D-02
 28  0.385572D+02  0.984909D-02
 29  0.621210D+02  0.131533D-01
 30  0.100018D+03 -0.209833D-01
 time:   12407.3168010000        3205.56066399982     
