 Initial exponents : 
  1  0.100000D-03  0.000000D+00
  2  0.161026D-03  0.000000D+00
  3  0.259294D-03  0.000000D+00
  4  0.417532D-03  0.000000D+00
  5  0.672336D-03  0.000000D+00
  6  0.108264D-02  0.000000D+00
  7  0.174333D-02  0.000000D+00
  8  0.280722D-02  0.000000D+00
  9  0.452035D-02  0.000000D+00
 10  0.727895D-02  0.000000D+00
 11  0.117210D-01  0.000000D+00
 12  0.188739D-01  0.000000D+00
 13  0.303920D-01  0.000000D+00
 14  0.489390D-01  0.000000D+00
 15  0.788046D-01  0.000000D+00
 16  0.126896D+00  0.000000D+00
 17  0.204336D+00  0.000000D+00
 18  0.329034D+00  0.000000D+00
 19  0.529832D+00  0.000000D+00
 20  0.853168D+00  0.000000D+00
 21  0.137382D+01  0.000000D+00
 22  0.221222D+01  0.000000D+00
 23  0.356225D+01  0.000000D+00
 24  0.573615D+01  0.000000D+00
 25  0.923671D+01  0.000000D+00
 26  0.148735D+02  0.000000D+00
 27  0.239503D+02  0.000000D+00
 28  0.385662D+02  0.000000D+00
 29  0.621017D+02  0.000000D+00
 30  0.100000D+03  0.000000D+00


    New RHO = 1.0000D-02     Number of function values =       124
    Least value of F =  8.085097473558558D+01    3.592178469760068D+00         The corresponding X is:
     1.000000D-04   4.199415D-01   9.386615D-02   9.386615D-02   9.386615D-02
     9.386615D-02   9.386615D-02   9.386615D-02   9.386908D-02   9.385616D-02
     9.387804D-02   9.385733D-02   9.382041D-02   9.383547D-02   9.384407D-02
     1.253854D-01   1.551187D-01   3.317850D-01   5.309146D-01   8.535539D-01
     1.373959D+00   2.212264D+00   3.562265D+00   5.736158D+00   9.236711D+00
     1.487352D+01   2.395027D+01   3.856620D+01   6.210169D+01   1.000000D+02
     0.000000D+00   0.000000D+00   0.000000D+00   0.000000D+00   0.000000D+00
     0.000000D+00   0.000000D+00   0.000000D+00   0.000000D+00   0.000000D+00
     0.000000D+00   0.000000D+00   0.000000D+00   0.000000D+00   0.000000D+00
     0.000000D+00   0.000000D+00   0.000000D+00   0.000000D+00   0.000000D+00
     0.000000D+00   0.000000D+00   0.000000D+00   0.000000D+00   0.000000D+00
     0.000000D+00   0.000000D+00   0.000000D+00   0.000000D+00   0.000000D+00


    New RHO = 1.0000D-03     Number of function values =       285
    Least value of F =  1.437489730947932D+00    7.772818100912385D-01         The corresponding X is:
     8.717446D-02   8.078741D-01   8.280843D-02   7.891776D-02   6.419470D-02
     7.564283D-02   6.051358D-02   7.232281D-02   6.669106D-02   3.784169D-02
     9.718823D-02   5.404691D-02   1.000000D-04   1.037424D-02   2.340942D-02
     1.343477D-01   2.563523D-01   3.167386D-01   5.362271D-01   8.465316D-01
     1.375921D+00   2.200433D+00   3.563412D+00   5.735632D+00   9.233032D+00
     1.487502D+01   2.394329D+01   3.857046D+01   6.209288D+01   1.000031D+02
     7.755657D-03  -1.667582D-04  -2.716994D-03   7.173735D-04   1.145622D-03
     7.435585D-04   6.195024D-03  -7.218575D-05   1.353549D-02  -7.257874D-03
    -1.520222D-03  -7.808330D-03  -2.664539D-04   4.214660D-04  -6.496142D-03
     3.155503D-03   7.870965D-04  -5.951316D-04   4.770329D-04  -2.544591D-04
     5.536029D-03  -7.315422D-04  -8.500627D-04  -9.580099D-03  -1.415347D-02
     5.484294D-03  -1.011256D-02  -8.541759D-03   6.135576D-03   7.765396D-03


    New RHO = 1.0000D-04     Number of function values =      1403
    Least value of F =  3.280069337731557D-02    2.722192382095394D-02         The corresponding X is:
     9.246039D-02   7.658628D-01   7.578514D-02   6.479113D-02   2.734824D-02
     4.866399D-02   1.467090D-02   4.174354D-02   3.155129D-02   1.074497D-02
     1.096000D-01   1.245763D-02   5.991341D-03   8.136709D-03   9.407901D-03
     1.361310D-01   2.536561D-01   3.220796D-01   5.376048D-01   8.523121D-01
     1.375688D+00   2.186038D+00   3.591768D+00   5.741657D+00   9.230133D+00
     1.486509D+01   2.395465D+01   3.858171D+01   6.209182D+01   1.000080D+02
    -1.474011D-02  -1.038954D-02  -6.299452D-03   7.020078D-03   5.962254D-03
    -1.365374D-03   9.284551D-03  -3.245455D-03   4.871554D-03  -3.340766D-02
     3.895847D-03  -2.789125D-02   2.453903D-02   4.003389D-02  -2.929185D-02
     5.807989D-03   4.226913D-03  -5.559141D-03   6.345689D-03   4.830562D-03
     2.985667D-02   1.669148D-02  -9.226695D-03  -1.457521D-02  -3.344209D-02
     2.343620D-02  -4.969837D-03  -9.576349D-03   2.393007D-02   6.695297D-03


    New RHO = 1.0000D-05     Number of function values =     10278
    Least value of F =  8.747201684486088D-05    4.656048320792856D-05         The corresponding X is:
     5.973289D-02   7.110314D-01   4.768228D-02   3.782550D-02   1.448484D-02
     3.035860D-02   1.114677D-02   2.425743D-02   1.887465D-02   6.768441D-03
     7.472867D-02   8.733142D-03   2.898107D-03   3.923531D-03   5.091841D-03
     9.384410D-02   2.163180D-01   3.214868D-01   5.373878D-01   8.852009D-01
     1.367495D+00   2.206829D+00   3.598392D+00   5.762739D+00   9.221592D+00
     1.489537D+01   2.397789D+01   3.856684D+01   6.207979D+01   9.999665D+01
    -1.031315D-02  -2.707531D-02  -3.001051D-03   4.427664D-02   2.632864D-02
    -2.965116D-02   3.134172D-02  -4.140819D-02   3.467764D-02  -2.420593D-02
    -4.449204D-03  -3.369558D-02   9.357492D-03   1.497389D-02  -1.421241D-02
    -1.190147D-02  -1.499126D-02   3.199801D-03  -6.359110D-03  -8.339954D-04
     3.463959D-02   2.734643D-02  -1.547500D-02  -1.819833D-02  -4.231544D-02
     2.936082D-02  -7.119274D-04   9.235978D-03   2.743444D-02   1.540518D-02


    New RHO = 1.0000D-06     Number of function values =    104674
    Least value of F =  6.480650727823564D-06    3.769842706621649D-06         The corresponding X is:
     4.136261D-02   6.451147D-01   3.182917D-02   2.446606D-02   7.811615D-03
     1.838933D-02   5.765120D-03   1.384106D-02   1.048548D-02   3.073473D-03
     5.369467D-02   4.220669D-03   1.109762D-03   1.579340D-03   2.214519D-03
     7.412407D-02   1.035932D-01   2.043215D-01   4.491044D-01   9.122362D-01
     1.366011D+00   2.228969D+00   3.583642D+00   5.762031D+00   9.217807D+00
     1.491091D+01   2.397450D+01   3.855724D+01   6.207025D+01   1.000135D+02
    -3.267934D-02  -2.028764D-02  -3.601754D-02   4.368868D-02   2.610763D-02
    -2.843964D-02   1.276482D-02  -3.219658D-02   3.439590D-02  -7.532339D-03
     4.831909D-02  -2.432435D-02   5.566854D-03   6.569097D-03   5.794586D-03
    -2.300725D-02   8.171751D-03   1.111228D-02  -4.122531D-04   4.771804D-03
     4.851927D-02   3.265485D-02  -1.183286D-02   1.270395D-03  -2.825390D-02
     2.434369D-02   3.542102D-03   1.515649D-02   2.636932D-02  -5.496171D-03

Intel MKL INTERNAL ERROR: Condition 1 detected in function DLASD4.

Intel MKL INTERNAL ERROR: Condition 1 detected in function DLASD8.

    At the return from BOBYQA     Number of function values =   2890306
    Least value of F =  4.401918850785177D-06    2.560799145685061D-06         The corresponding X is:
     4.065792D-02   2.438853D-01   3.093443D-02   2.353795D-02   7.217728D-03
     1.751946D-02   5.290820D-03   1.304385D-02   9.765848D-03   2.775900D-03
     5.337872D-02   3.853236D-03   9.697439D-04   1.396433D-03   1.979536D-03
     7.144901D-02   9.585533D-02   1.296470D-01   1.770318D-01   3.388835D-01
     4.760618D-01   6.781310D-01   3.374298D+00   5.712168D+00   9.186359D+00
     1.490283D+01   2.395260D+01   3.857717D+01   6.206044D+01   9.999554D+01
    -3.021477D-02   7.232528D-02  -3.818522D-02   4.428703D-02   2.626316D-02
    -2.971716D-02   1.487883D-02  -3.123205D-02   3.361070D-02  -1.154552D-02
     5.298800D-02  -2.249520D-02   6.985819D-03   7.476430D-03   8.262543D-03
    -3.263776D-02   5.010716D-02   6.769678D-02   7.921947D-02   7.008802D-02
     6.302942D-02   5.382029D-02  -2.025339D-02  -3.045986D-03  -3.720580D-02
     1.430934D-02   2.298153D-02   1.377220D-02   3.215130D-02  -8.932942D-03
 Final exponents : 
  1  0.406579D-01 -0.302148D-01
  2  0.243885D+00  0.723253D-01
  3  0.309344D-01 -0.381852D-01
  4  0.235379D-01  0.442870D-01
  5  0.721773D-02  0.262632D-01
  6  0.175195D-01 -0.297172D-01
  7  0.529082D-02  0.148788D-01
  8  0.130439D-01 -0.312320D-01
  9  0.976585D-02  0.336107D-01
 10  0.277590D-02 -0.115455D-01
 11  0.533787D-01  0.529880D-01
 12  0.385324D-02 -0.224952D-01
 13  0.969744D-03  0.698582D-02
 14  0.139643D-02  0.747643D-02
 15  0.197954D-02  0.826254D-02
 16  0.714490D-01 -0.326378D-01
 17  0.958553D-01  0.501072D-01
 18  0.129647D+00  0.676968D-01
 19  0.177032D+00  0.792195D-01
 20  0.338883D+00  0.700880D-01
 21  0.476062D+00  0.630294D-01
 22  0.678131D+00  0.538203D-01
 23  0.337430D+01 -0.202534D-01
 24  0.571217D+01 -0.304599D-02
 25  0.918636D+01 -0.372058D-01
 26  0.149028D+02  0.143093D-01
 27  0.239526D+02  0.229815D-01
 28  0.385772D+02  0.137722D-01
 29  0.620604D+02  0.321513D-01
 30  0.999955D+02 -0.893294D-02
 time:   105525.244725000        26513.7720780009     
