 Initial exponents : 
  1  0.100000D-03  0.000000D+00
  2  0.161026D-03  0.000000D+00
  3  0.259294D-03  0.000000D+00
  4  0.417532D-03  0.000000D+00
  5  0.672336D-03  0.000000D+00
  6  0.108264D-02  0.000000D+00
  7  0.174333D-02  0.000000D+00
  8  0.280722D-02  0.000000D+00
  9  0.452035D-02  0.000000D+00
 10  0.727895D-02  0.000000D+00
 11  0.117210D-01  0.000000D+00
 12  0.188739D-01  0.000000D+00
 13  0.303920D-01  0.000000D+00
 14  0.489390D-01  0.000000D+00
 15  0.788046D-01  0.000000D+00
 16  0.126896D+00  0.000000D+00
 17  0.204336D+00  0.000000D+00
 18  0.329034D+00  0.000000D+00
 19  0.529832D+00  0.000000D+00
 20  0.853168D+00  0.000000D+00
 21  0.137382D+01  0.000000D+00
 22  0.221222D+01  0.000000D+00
 23  0.356225D+01  0.000000D+00
 24  0.573615D+01  0.000000D+00
 25  0.923671D+01  0.000000D+00
 26  0.148735D+02  0.000000D+00
 27  0.239503D+02  0.000000D+00
 28  0.385662D+02  0.000000D+00
 29  0.621017D+02  0.000000D+00
 30  0.100000D+03  0.000000D+00


    New RHO = 1.0000D-02     Number of function values =       127
    Least value of F =  6.907493991788019D+00    2.359310927809529D+00         The corresponding X is:
     1.000000D-04   1.000000D-04   2.525882D-01   1.577705D-01   1.183563D-01
     1.169146D-01   1.026352D-02   5.111577D-01   1.163712D-01   4.700786D-02
     5.710250D-02   8.445176D-02   7.860707D-02   1.000000D-04   1.736821D-01
     1.291928D-01   1.816668D-01   3.311243D-01   5.315605D-01   8.538225D-01
     1.374050D+00   2.212293D+00   3.562274D+00   5.736161D+00   9.236712D+00
     1.487352D+01   2.395027D+01   3.856620D+01   6.210169D+01   1.000000D+02
     0.000000D+00   0.000000D+00   0.000000D+00   0.000000D+00   0.000000D+00
     0.000000D+00   0.000000D+00   0.000000D+00   0.000000D+00   0.000000D+00
     0.000000D+00   0.000000D+00   0.000000D+00   0.000000D+00   0.000000D+00
     0.000000D+00   0.000000D+00   0.000000D+00   0.000000D+00   0.000000D+00
     0.000000D+00   0.000000D+00   0.000000D+00   0.000000D+00   0.000000D+00
     0.000000D+00   0.000000D+00   0.000000D+00   0.000000D+00   0.000000D+00


    New RHO = 1.0000D-03     Number of function values =       297
    Least value of F =  9.560554451367663D-01    9.143781154330579D-01         The corresponding X is:
     1.622662D-02   3.687796D-02   2.123910D-01   1.400054D-01   1.136746D-01
     9.457139D-02   7.133951D-03   4.772530D-01   1.040505D-01   4.124181D-02
     4.666523D-02   7.498081D-02   5.574476D-02   1.015795D-02   1.534410D-01
     1.274280D-01   1.672043D-01   3.342470D-01   5.310155D-01   8.545068D-01
     1.362528D+00   2.209006D+00   3.557569D+00   5.738751D+00   9.224115D+00
     1.487771D+01   2.395397D+01   3.856579D+01   6.210940D+01   9.999917D+01
     1.063817D-02  -4.001418D-03  -9.642980D-04   6.236048D-03   8.729127D-04
    -5.165871D-03  -5.964302D-03  -3.198508D-03   1.857419D-03   4.450614D-03
    -4.792130D-03   4.361987D-03   2.401868D-03   4.089815D-03  -7.244512D-03
     2.283978D-03  -2.124345D-03   2.561746D-03  -1.789121D-03  -1.012552D-03
    -3.524197D-03   3.092573D-03  -2.887052D-03  -3.361228D-03   6.850761D-03
     8.564208D-03  -4.487425D-03  -1.050749D-03   1.637112D-03   2.134324D-03


    New RHO = 1.0000D-04     Number of function values =       906
    Least value of F =  2.193250455709043D-01    2.063620035911591D-01         The corresponding X is:
     9.370807D-03   1.418619D-02   1.994920D-01   1.394573D-01   1.101245D-01
     7.042272D-02   6.999921D-03   4.495298D-01   8.606555D-02   3.278529D-02
     3.852595D-02   5.155502D-02   4.465832D-02   8.150677D-03   1.534907D-01
     1.252433D-01   1.732120D-01   3.362104D-01   5.214932D-01   8.613603D-01
     1.354290D+00   2.198196D+00   3.543487D+00   5.738081D+00   9.210981D+00
     1.489051D+01   2.397628D+01   3.856626D+01   6.212315D+01   9.997869D+01
     2.378567D-02  -2.696042D-02  -4.731076D-03   2.009669D-02   3.586799D-03
    -7.076413D-03  -3.168686D-02  -4.313258D-03  -2.389037D-03   1.595905D-02
    -2.510979D-02   1.000814D-02   9.426568D-04   3.760903D-02  -1.770492D-02
    -5.395028D-04   3.549906D-03  -1.833669D-04  -7.652817D-03   5.742228D-04
    -1.132336D-02   1.827802D-03  -8.162375D-03  -7.681806D-03   2.557438D-02
     1.061889D-02   1.582904D-03  -7.876339D-03   2.964566D-04   1.976116D-02


    New RHO = 1.0000D-05     Number of function values =      7355
    Least value of F =  3.569760270452456D-04    2.359889892727155D-04         The corresponding X is:
     7.858944D-03   9.878005D-03   2.088982D-01   7.156826D-02   4.377295D-02
     2.819959D-02   4.833495D-03   4.541136D-01   3.432143D-02   1.254504D-02
     1.540543D-02   2.316219D-02   1.890490D-02   6.246500D-03   1.290261D-01
     5.547562D-02   1.642020D-01   3.179217D-01   5.602566D-01   8.643932D-01
     1.357437D+00   2.207479D+00   3.540972D+00   5.749508D+00   9.201981D+00
     1.491482D+01   2.397266D+01   3.856682D+01   6.213991D+01   9.995458D+01
     1.779446D-02  -2.978998D-02   2.076729D-02  -1.265954D-02  -1.178381D-02
     4.803752D-03  -1.736428D-02  -2.293622D-02   4.834415D-02   3.654275D-02
    -2.903479D-02  -3.980785D-02   1.919779D-02   2.952407D-02  -3.719450D-03
    -2.300588D-02   1.419913D-02  -1.165731D-02   4.040754D-03  -7.732537D-03
    -2.823827D-02  -1.484670D-02   3.979898D-03  -1.960040D-02   6.883121D-02
     5.531493D-03  -7.643381D-03  -1.858975D-02  -4.054110D-02   1.546631D-02


    New RHO = 1.0000D-06     Number of function values =    112156
    Least value of F =  7.890138663786846D-06    3.628585164324570D-06         The corresponding X is:
     1.997851D-03   4.220929D-03   1.326273D-01   5.791947D-02   3.434095D-02
     2.021023D-02   9.300361D-04   2.398656D-01   2.644837D-02   6.294881D-03
     8.828879D-03   1.542110D-02   1.175289D-02   1.361788D-03   7.592722D-02
     4.460413D-02   1.000166D-01   1.772615D-01   5.184272D-01   8.406600D-01
     1.358713D+00   2.214451D+00   3.539226D+00   5.781223D+00   9.229171D+00
     1.493081D+01   2.398211D+01   3.857554D+01   6.214937D+01   9.994845D+01
     1.725852D-02  -2.164045D-02   1.533177D-02   4.184350D-02  -3.318936D-02
    -3.745465D-02  -1.576969D-02   2.629749D-02   4.293076D-02   2.646691D-02
    -3.192986D-02   2.204125D-02   3.410377D-02  -1.230725D-03   1.002679D-02
    -3.815989D-02  -2.735242D-03   2.008012D-02   1.748984D-03  -1.824903D-02
    -2.728216D-02  -1.778702D-03   3.472243D-03  -1.189013D-02   8.446124D-02
     1.506081D-03  -9.580155D-03  -2.278834D-02  -4.647525D-02   1.848002D-02

    At the return from BOBYQA     Number of function values =   1128006
    Least value of F =  5.601194478997823D-06    2.890992625429143D-06         The corresponding X is:
     2.627376D-03   3.883855D-03   1.343773D-01   5.812666D-02   3.404694D-02
     1.910336D-02   1.231354D-03   2.410787D-01   2.606016D-02   5.570209D-03
     7.725237D-03   1.394376D-02   1.038143D-02   1.824071D-03   7.655253D-02
     4.450352D-02   1.012046D-01   1.794236D-01   3.261891D-01   4.447680D-01
     6.119278D-01   8.514071D-01   1.205033D+00   5.361169D+00   9.091360D+00
     1.490230D+01   2.397476D+01   3.855462D+01   6.216789D+01   9.993603D+01
     1.666214D-02  -1.976707D-02   9.333036D-03   4.464885D-02  -3.621541D-02
    -3.732953D-02  -2.069380D-02   1.174086D-02   4.286745D-02   2.645150D-02
    -3.200908D-02   3.434398D-02   2.361933D-02  -7.818192D-03   2.540838D-02
    -3.956557D-02  -2.925765D-03   9.755815D-03   1.408691D-02   2.069137D-02
     3.006208D-02   4.667987D-02   6.733488D-02  -1.850423D-03   7.856511D-02
    -1.622621D-02  -4.602248D-02  -1.971742D-02  -2.982398D-02   2.718400D-02
 Final exponents : 
  1  0.262738D-02  0.166621D-01
  2  0.388385D-02 -0.197671D-01
  3  0.134377D+00  0.933304D-02
  4  0.581267D-01  0.446488D-01
  5  0.340469D-01 -0.362154D-01
  6  0.191034D-01 -0.373295D-01
  7  0.123135D-02 -0.206938D-01
  8  0.241079D+00  0.117409D-01
  9  0.260602D-01  0.428674D-01
 10  0.557021D-02  0.264515D-01
 11  0.772524D-02 -0.320091D-01
 12  0.139438D-01  0.343440D-01
 13  0.103814D-01  0.236193D-01
 14  0.182407D-02 -0.781819D-02
 15  0.765525D-01  0.254084D-01
 16  0.445035D-01 -0.395656D-01
 17  0.101205D+00 -0.292576D-02
 18  0.179424D+00  0.975581D-02
 19  0.326189D+00  0.140869D-01
 20  0.444768D+00  0.206914D-01
 21  0.611928D+00  0.300621D-01
 22  0.851407D+00  0.466799D-01
 23  0.120503D+01  0.673349D-01
 24  0.536117D+01 -0.185042D-02
 25  0.909136D+01  0.785651D-01
 26  0.149023D+02 -0.162262D-01
 27  0.239748D+02 -0.460225D-01
 28  0.385546D+02 -0.197174D-01
 29  0.621679D+02 -0.298240D-01
 30  0.999360D+02  0.271840D-01
 time:   40031.4912890000        9937.36643599887     
