 Initial exponents : 
  1  0.100000D-03  0.000000D+00
  2  0.161026D-03  0.000000D+00
  3  0.259294D-03  0.000000D+00
  4  0.417532D-03  0.000000D+00
  5  0.672336D-03  0.000000D+00
  6  0.108264D-02  0.000000D+00
  7  0.174333D-02  0.000000D+00
  8  0.280722D-02  0.000000D+00
  9  0.452035D-02  0.000000D+00
 10  0.727895D-02  0.000000D+00
 11  0.117210D-01  0.000000D+00
 12  0.188739D-01  0.000000D+00
 13  0.303920D-01  0.000000D+00
 14  0.489390D-01  0.000000D+00
 15  0.788046D-01  0.000000D+00
 16  0.126896D+00  0.000000D+00
 17  0.204336D+00  0.000000D+00
 18  0.329034D+00  0.000000D+00
 19  0.529832D+00  0.000000D+00
 20  0.853168D+00  0.000000D+00
 21  0.137382D+01  0.000000D+00
 22  0.221222D+01  0.000000D+00
 23  0.356225D+01  0.000000D+00
 24  0.573615D+01  0.000000D+00
 25  0.923671D+01  0.000000D+00
 26  0.148735D+02  0.000000D+00
 27  0.239503D+02  0.000000D+00
 28  0.385662D+02  0.000000D+00
 29  0.621017D+02  0.000000D+00
 30  0.100000D+03  0.000000D+00


    New RHO = 1.0000D-02     Number of function values =       124
    Least value of F =  8.130024451715333D+01    3.427526329291092D+00         The corresponding X is:
     1.000000D-04   9.272596D-02   9.272229D-02   4.220258D-01   9.272200D-02
     9.272183D-02   9.272246D-02   9.272278D-02   9.272234D-02   9.271945D-02
     9.272169D-02   9.272355D-02   9.271458D-02   9.272280D-02   9.271897D-02
     1.282673D-01   1.553857D-01   3.314582D-01   5.306711D-01   8.534421D-01
     1.373913D+00   2.212246D+00   3.562258D+00   5.736156D+00   9.236710D+00
     1.487352D+01   2.395027D+01   3.856620D+01   6.210169D+01   1.000000D+02
     0.000000D+00   0.000000D+00   0.000000D+00   0.000000D+00   0.000000D+00
     0.000000D+00   0.000000D+00   0.000000D+00   0.000000D+00   0.000000D+00
     0.000000D+00   0.000000D+00   0.000000D+00   0.000000D+00   0.000000D+00
     0.000000D+00   0.000000D+00   0.000000D+00   0.000000D+00   0.000000D+00
     0.000000D+00   0.000000D+00   0.000000D+00   0.000000D+00   0.000000D+00
     0.000000D+00   0.000000D+00   0.000000D+00   0.000000D+00   0.000000D+00


    New RHO = 1.0000D-03     Number of function values =       315
    Least value of F =  2.937476128599234D+00    1.250235311592703D+00         The corresponding X is:
     5.227006D-02   9.813226D-02   6.398773D-02   5.133037D-01   5.972217D-02
     7.295292D-02   8.230166D-02   7.669898D-02   7.167092D-02   5.694307D-02
     8.919205D-02   8.493110D-02   6.718949D-02   8.019047D-02   9.451340D-02
     1.190002D-01   1.785227D-01   3.167485D-01   5.357784D-01   8.543901D-01
     1.375685D+00   2.208440D+00   3.560845D+00   5.723964D+00   9.228974D+00
     1.487304D+01   2.395245D+01   3.856558D+01   6.209827D+01   1.000113D+02
     1.290352D-03   4.205389D-03   1.492576D-03  -4.570062D-04   6.353915D-03
    -1.512461D-03  -6.855037D-04   5.755026D-03   4.634494D-05  -3.402702D-05
    -4.047224D-03   5.271835D-04  -8.960419D-04  -1.455307D-03  -2.439168D-03
     2.063092D-03   1.867864D-03  -1.256586D-03   2.713035D-03   4.575797D-03
     1.187125D-03  -3.212244D-03  -1.178901D-03   7.165127D-04   1.333891D-03
    -1.458883D-03   8.833967D-03   9.325206D-04   5.834872D-03  -1.602813D-02


    New RHO = 1.0000D-04     Number of function values =      1738
    Least value of F =  1.585381644959023D-02    1.304311547637929D-02         The corresponding X is:
     5.857027D-03   1.072908D-01   1.362056D-02   4.900001D-01   1.165607D-02
     2.624289D-02   5.579253D-02   3.727094D-02   1.820068D-02   9.991885D-03
     7.695841D-02   6.556066D-02   1.578318D-02   4.431991D-02   9.124877D-02
     1.239150D-01   1.513509D-01   3.248812D-01   5.651461D-01   8.165693D-01
     1.366776D+00   2.211224D+00   3.582686D+00   5.745288D+00   9.211068D+00
     1.487635D+01   2.393714D+01   3.858584D+01   6.208946D+01   1.000267D+02
    -1.387958D-02   1.964522D-02  -3.229873D-02  -2.022239D-03   2.696702D-02
    -2.952690D-03  -9.846610D-03  -4.955688D-03  -5.780880D-03   3.488950D-02
    -2.461709D-02   1.255427D-02   5.889804D-03  -3.949565D-02   3.342837D-03
    -1.226967D-02   1.167170D-02  -4.010203D-03  -1.016960D-02   2.615160D-02
     1.109346D-02   5.420617D-03   2.195434D-03   3.523018D-02   1.704776D-02
     1.361419D-04   3.915893D-02  -1.847945D-02   2.380316D-02  -5.660256D-02


    New RHO = 1.0000D-05     Number of function values =      8334
    Least value of F =  3.060867329547153D-04    1.722891736449978D-04         The corresponding X is:
     4.975580D-03   8.778479D-02   1.015949D-02   4.693712D-01   8.045530D-03
     1.877560D-02   3.459671D-02   2.295186D-02   1.534745D-02   6.378901D-03
     5.450540D-02   4.269800D-02   1.255927D-02   2.798080D-02   6.847077D-02
     1.123004D-01   1.483847D-01   3.203221D-01   5.775567D-01   8.146765D-01
     1.360301D+00   2.208133D+00   3.589031D+00   5.743607D+00   9.201733D+00
     1.486456D+01   2.394223D+01   3.858795D+01   6.209833D+01   1.000323D+02
    -1.809041D-02   2.054835D-02  -3.334524D-02   3.266717D-03   1.437686D-02
    -8.350922D-03   7.164454D-04   2.557160D-02  -1.686851D-02   2.522525D-02
    -9.161973D-03   3.383372D-02   3.418609D-02  -4.087272D-02   8.309773D-03
    -1.035234D-02   1.489765D-02  -4.503101D-03  -1.373055D-02   1.585848D-02
    -1.980443D-03   1.962375D-03  -1.963873D-03   3.510094D-02   2.044046D-02
     4.761157D-04   3.816254D-02  -1.813762D-02   2.494616D-02  -6.538155D-02


    New RHO = 1.0000D-06     Number of function values =     44129
    Least value of F =  1.548806208204743D-05    8.662419527714137D-06         The corresponding X is:
     1.613742D-03   9.302650D-02   6.438037D-03   3.965947D-01   4.736142D-03
     1.484252D-02   3.318879D-02   1.961669D-02   1.130708D-02   3.084151D-03
     5.459043D-02   4.254481D-02   8.616043D-03   2.593668D-02   7.112561D-02
     1.224404D-01   1.626549D-01   2.196924D-01   5.779457D-01   8.176360D-01
     1.342363D+00   2.204208D+00   3.587713D+00   5.724664D+00   9.187880D+00
     1.486251D+01   2.394889D+01   3.858338D+01   6.209090D+01   1.000220D+02
    -1.654145D-02  -2.800292D-03  -2.307795D-02  -6.449489D-03   2.206105D-02
    -3.210924D-02   3.529158D-02   3.538547D-02  -2.734562D-02   1.634611D-02
    -4.526742D-02   3.449145D-02   3.094720D-02  -4.154711D-02   9.687262D-03
    -7.775537D-03  -5.300980D-03  -9.648797D-03  -1.712533D-02   8.818659D-03
    -1.049196D-02  -1.191998D-03   7.259906D-04   2.909886D-02   1.748110D-02
    -1.251748D-02   3.625934D-02  -1.919529D-02   2.866013D-02  -6.269531D-02

    At the return from BOBYQA     Number of function values =    115438
    Least value of F =  1.389009695906861D-05    7.634901657569793D-06         The corresponding X is:
     1.924029D-03   9.066836D-02   6.103248D-03   2.874753D-01   4.434199D-03
     1.412631D-02   3.232587D-02   1.885612D-02   1.074730D-02   2.780517D-03
     5.340359D-02   4.154161D-02   8.175443D-03   2.517628D-02   6.942152D-02
     1.191017D-01   1.577544D-01   2.112331D-01   4.384518D-01   7.720933D-01
     1.340958D+00   2.197164D+00   3.596741D+00   5.716759D+00   9.191297D+00
     1.486027D+01   2.395283D+01   3.858417D+01   6.208120D+01   1.000269D+02
    -1.600938D-02   1.860324D-02  -2.682482D-02  -7.522156D-03   2.148687D-02
    -3.331138D-02   3.559619D-02   3.569833D-02  -2.001922D-02   1.516164D-02
    -4.509987D-02   3.727303D-02   3.050501D-02  -4.166227D-02  -2.364116D-02
    -2.219490D-04  -3.598879D-03  -5.470608D-03  -3.126031D-03   1.050694D-02
    -1.356215D-02   1.710964D-03   1.401820D-03   2.438445D-02   1.706017D-02
    -9.170718D-03   3.725567D-02  -1.839637D-02   3.490460D-02  -6.050455D-02
 Final exponents : 
  1  0.192403D-02 -0.160094D-01
  2  0.906684D-01  0.186032D-01
  3  0.610325D-02 -0.268248D-01
  4  0.287475D+00 -0.752216D-02
  5  0.443420D-02  0.214869D-01
  6  0.141263D-01 -0.333114D-01
  7  0.323259D-01  0.355962D-01
  8  0.188561D-01  0.356983D-01
  9  0.107473D-01 -0.200192D-01
 10  0.278052D-02  0.151616D-01
 11  0.534036D-01 -0.450999D-01
 12  0.415416D-01  0.372730D-01
 13  0.817544D-02  0.305050D-01
 14  0.251763D-01 -0.416623D-01
 15  0.694215D-01 -0.236412D-01
 16  0.119102D+00 -0.221949D-03
 17  0.157754D+00 -0.359888D-02
 18  0.211233D+00 -0.547061D-02
 19  0.438452D+00 -0.312603D-02
 20  0.772093D+00  0.105069D-01
 21  0.134096D+01 -0.135622D-01
 22  0.219716D+01  0.171096D-02
 23  0.359674D+01  0.140182D-02
 24  0.571676D+01  0.243845D-01
 25  0.919130D+01  0.170602D-01
 26  0.148603D+02 -0.917072D-02
 27  0.239528D+02  0.372557D-01
 28  0.385842D+02 -0.183964D-01
 29  0.620812D+02  0.349046D-01
 30  0.100027D+03 -0.605045D-01
 time:   4109.17131000000        1006.42897300000     
