 0.4288024555342919742761953472E-02  0.3744183459442700090402667001E-01
 0.1286353771501913267893968396E+00 -0.1000000000000000055511151231E+00
 0.1000000000000000047921736024E-03  0.1402812048996276809986749612E-01
 0.3651992863047142604676631450E-02 -0.3782832333265142427114469115E-01
 0.1412531232236234873117508570E-02 -0.2299420863022691094434968306E-01
 0.1773967599569427084499340097E-02 -0.2992238741810135382870328158E-01
 0.1208017487035484836040838408E-03 -0.1404213438330295486700105556E-01
 0.2130674757783888526030402488E-02  0.3000988172363481046311939338E-01
 0.1487323347419114427658826116E-01  0.6308599462261586798828005840E-01
 0.8036340383131671677441332236E-02 -0.4648133920786838568783849723E-01
 0.1284832155303841476345905193E-01 -0.6152901583741057778276228873E-01
 0.3236364141989347964489809328E-01 -0.9414680325816215944456644138E-01
 0.6965983172137855429506547722E-02  0.4666302123765259102228242227E-01
 0.1171972258975865783386938190E-02  0.2296902708900875125785923103E-01
 0.3801527107904121433046285006E-01  0.9147839933480542140564750753E-01
 0.1075605170207409866378611696E+00  0.1000000000000000055511151231E+00
 0.4079984791754653339346248231E+00 -0.2284973188376176675418172124E-01
 0.8063096569790957346413051710E+00 -0.1540240172469487661688347657E-01
 0.1429276398020507432562453687E+01  0.2829707460270030477955671699E-01
 0.2423275758381624456205827300E+01 -0.1308466594702306987074713618E-01
 0.4179899408232324198309015628E+01 -0.5294965376354264161018470247E-02
 0.7090695168476609744345751096E+01  0.1188706334863553690239790228E-01
 0.1208065705869944927997039485E+02 -0.1456864951062604440767955793E-01
 0.2055019150242683423357448191E+02 -0.2390268274409988041862007435E-01
 0.3501168374747737743746256456E+02  0.5615261077728653932306102092E-01
 0.5957346720581848131814695080E+02 -0.5891576186551924880496766690E-02
 0.1013696153750870223575475393E+03 -0.1343685189369955672311629513E-01
 0.1725637077906722538500616793E+03 -0.1471669952244401488594682803E-02
 0.2937398243801184776202717330E+03  0.9746411990407806077985064519E-02
 0.4999792468014280757415690459E+03  0.7983144555598811059615727004E-02
