 0.6062739764441858026462403575E-04  0.1413816114490638181644399651E-01
 0.1284511955802071329901803409E-01  0.4536017720959095722577103516E-01
 0.3121904436388119874479230020E+00 -0.1179927823401570770311952430E-01
 0.2000700521048909968913065427E-01  0.6416976818647329716682747858E-01
 0.1564634070675480909118348904E-01 -0.6386250457392494972452823276E-01
 0.1079501564563548933473047242E-01  0.4311273557414780494001504962E-01
 0.9171586789646454795921215464E-02 -0.3746088532519765978978654175E-01
 0.3971187705549714119790394307E-01 -0.9612550163742424047530477083E-01
 0.9569305093124654535731432592E-04 -0.2614599215330907708287888624E-01
 0.7579922449447996891328666047E-04 -0.2104961371552542190310752801E-01
 0.5000000000000000239608680119E-04 -0.1418571088958847821459574590E-01
 0.3042346519959074520322861446E-02 -0.3408811791475216401714476433E-01
 0.3703573787866750507274948845E-02  0.3574263314154049742121799227E-01
 0.1097247382089456624668089013E-02  0.2830882558636784243621953294E-01
 0.1203976459759363901559983678E-03  0.2151559676943711960084293366E-01
 0.7808880021741348119446168852E-02 -0.4616030653283977047696140517E-01
 0.4788315690284130482501367965E-01  0.9422822026570387698996000836E-01
 0.1199525946677310883625722226E+00 -0.6673077220774726973917534423E-03
 0.4124897172289690994162469906E+00 -0.2977215689838336523664885647E-01
 0.6578192737644787957407288559E+00 -0.1288055674795502564267124512E-01
 0.1104057230683815449268081466E+01  0.1054020723627508912545458486E-01
 0.1824484453908573833302853018E+01 -0.3362815011985655772042136391E-01
 0.2995820361516882357477697951E+01  0.2045484501454456274793791692E-01
 0.4963059887595406394211750012E+01 -0.2483028158922522335427807150E-01
 0.8184921385488051370771245274E+01  0.6852425670244185335056030794E-02
 0.1354841836024570156382651476E+02 -0.4605670617110691617002160569E-01
 0.2229242328350391844082878379E+02 -0.2845367690529722326520101205E-01
 0.3673875422471572704807840637E+02 -0.2068571905374654972681325305E-02
 0.6059480875042409309116919758E+02  0.1166131754613987554780596412E-01
 0.1000279371140418760433021816E+03  0.2118413961225149716449678294E-01
