 0.1512439493163299231159868441E-01  0.5330830531933120064458364595E-01
 0.7399013188003951239923861039E-02  0.3128442563239805518371383641E-01
 0.4048637543074227324035874176E-01  0.7405181045301155451365815452E-01
 0.5923505240506827043689419554E-02 -0.2795514032404895071737271905E-01
 0.9058367946777530835267278064E-02  0.3944677545353379721770892274E-01
 0.1242686634292679455360275398E-01  0.2998707177288501002365705972E-01
 0.1967430956559304794199760646E-03  0.2743317864578396353403277885E-01
 0.4946281324151079530904162596E-02 -0.3447466654844084932296510715E-01
 0.2454966869438590507980502142E-03  0.1242271206336293190575226220E-01
 0.2419689492214364620603639366E-01 -0.4016190560767369382988434268E-01
 0.1255988143110977044852871742E-03  0.2106492759920057175615504264E-01
 0.1000000000000000047921736024E-03 -0.1308829030784250564700688102E-01
 0.1749815120367874052287326947E-01 -0.4191441565703844102097619384E-01
 0.1577254450308876823107218090E-03 -0.2078102590631562829326384190E-01
 0.2042890204547586491257149532E-01 -0.4096815783995539500539351252E-01
 0.3433416205755948635847119021E-01 -0.6597029804661595775439053568E-01
 0.8409948688170489072835067645E-01  0.8125005888057001968149961613E-01
 0.1007630416152225094617023160E+00 -0.9006167560988445619507558604E-01
 0.2539806448873447863867625074E+00  0.1611193456414154734357424559E-01
 0.2325807375820849731695716400E+01  0.8013128141109672128439278538E-02
 0.4128951004674713765041360602E+01  0.2055835641788846673838619949E-01
 0.7081980599873626935902848345E+01  0.3679986914852074325610331584E-01
 0.1208131628611774743831119849E+02 -0.1836618134132893612187054089E-01
 0.2057081782533522584799356991E+02  0.1591282606098440646769098805E-01
 0.3498029076777844892376378994E+02 -0.2881737478129233268053788208E-01
 0.5957488072039576820770889753E+02 -0.2661286785958768674048569025E-02
 0.1013896395217207100358791649E+03  0.6897673071300961661345141351E-02
 0.1725388030854916223688633181E+03 -0.3218048940153800385743920742E-01
 0.2937649915643997360348294023E+03 -0.1043222729221136846344819560E-01
 0.5000029455071421011780330446E+03  0.2320949936601942806269072150E-01
