 0.3259739976145126921780459384E-01 -0.3319734469052586928183856685E-01
 0.7394768106827044086559741487E-02 -0.3125201187335441277426184570E-01
 0.1136147147642135694922682632E-01  0.2664847966537927173580335705E-01
 0.8101939481194006531517004532E-01  0.2631896201377076360827800272E-01
 0.3548296379848192225181513493E-02 -0.2133147736064879354533907474E-01
 0.4545425905043824245377326321E-02  0.1696712693480173853033399212E-01
 0.1714154398795643061137461416E-01 -0.3656682547385434189912700731E-01
 0.2614508953080654091172263520E-01  0.4690598176656048112764807456E-01
 0.9179804235086019836842297082E-02  0.2905627398231290861585485175E-01
 0.2092017369211894399494422458E-02  0.1046333921522927569436323125E-01
 0.1590083604289634121656260568E-02 -0.1491795579591989953649466827E-01
 0.1401846453078655664603591191E-01  0.3802662976932775357186145015E-01
 0.2111115534090111239828857492E-01 -0.3440391467202333353192500454E-01
 0.2746996104595047279856023792E-02 -0.1585076477570364697489146977E-01
 0.5827651171885773508096750817E-02  0.2320234029359622904276072575E-01
 0.4073126312858527109383999232E-01 -0.4271042504720894833480926422E-01
 0.5091787257922928550124552771E-01  0.5274455416573969185334291865E-01
 0.6407540756006400994859717457E-01 -0.3829642901529962256690353684E-01
 0.1252585370187793423202293752E+00 -0.2926542971326599740233831426E-02
 0.1709833707774767619369526983E+01  0.1909820469240249745171422724E-02
 0.3278723097835391619980782707E+01 -0.2722414670523694291137672963E-01
 0.6182195689885677580832634703E+01  0.1139916309928995855060840370E-01
 0.1171023512959584422787884250E+02  0.6984498110310747957807375741E-02
 0.2208632108945591099313787709E+02 -0.1359158144071598468827222206E-02
 0.4175377871183145828126725974E+02 -0.2067622331409692953974044372E-01
 0.7880802265573761644645855995E+02  0.1465834742623130411420806496E-01
 0.1487230582083000456350418972E+03 -0.6043700955584735412529084897E-02
 0.2808152768005642201387672685E+03  0.2658698914350766245862089932E-01
 0.5298438918125744976350688376E+03 -0.1150421298473505195281152425E-01
 0.1000003470096999308225349523E+04  0.7249882099561121527597773451E-02
