 0.4239959741025949718773446762E-01  0.5076988315576747706758808931E-01
 0.7237292583866307416062824132E-01  0.4809386669028192784480779665E-01
 0.2503063408594675964824460834E-01  0.4484550622428459809576395401E-01
 0.8401226933400011932448481211E-03 -0.3827073565812215936998708088E-02
 0.3008669477387948022750752131E-02  0.2838691294437737169809032878E-01
 0.1502302817311658433840904081E-01  0.3781643160670516284893594161E-01
 0.5958047698521524212361688555E-03 -0.5661891814156878692532171016E-02
 0.1165243138818881918350456317E-01  0.3330490617779810480492130864E-01
 0.9067046087249544875086293416E-02 -0.3734749021639969385200075180E-01
 0.2214637378193639368623157893E-02 -0.1683770268059987113007380799E-01
 0.4005694088758974744091112541E-02 -0.3754184773233499444744509788E-01
 0.1176869140270966592257129157E-02  0.1814475757688368065534412210E-01
 0.5297696038036051047193097929E-02 -0.2184147137421458065298374152E-01
 0.1623428439767117580430633161E-02  0.2219053027629763058525824704E-01
 0.6965671259735729120565750350E-02 -0.2880311251047791565316202878E-01
 0.1928224678882626413889411765E-01 -0.4347418759102684299167052018E-01
 0.4204053759884407372345027643E-03  0.1801314285597142503259071589E-01
 0.3267074244091806162204605357E-01 -0.4880117507525087022779430868E-01
 0.5504524665172005198909843671E-01 -0.5274282167674470417351173523E-01
 0.9492796944464998443180547838E-01 -0.3009527142625672072040465821E-01
 0.1255179479702379363725839312E+00  0.5941585878801206380139809937E-02
 0.3314516470961406113815428398E+00 -0.1122423007265234938534259612E-01
 0.2548508684631282328325596609E+01 -0.3077083141143232072889368567E-01
 0.5525836877268440083810219221E+01 -0.1131073524226445213558545078E-01
 0.9125776236133535945782568888E+01  0.4149284558294407537770709382E-01
 0.1480641018788633012093214347E+02 -0.1284305028850862145928246605E-01
 0.2398198072730749785819170938E+02 -0.9050579212439102336218432754E-02
 0.3856991229420489020185414120E+02 -0.3765284521844224074893503484E-01
 0.6211864440612351501158627798E+02  0.4420471879992065450393212700E-01
 0.9999907122352682620203268016E+02 -0.7792363054585635384619024535E-01
