 0.9354401532561403649276843275E-03 -0.2122741443094974117533624280E-01
 0.1111227768715106548058635383E-01 -0.4627314191377947250050084449E-01
 0.1181304375294313195599027466E-02 -0.2991378258273278897827474054E-01
 0.1799235421208223405231674263E-02  0.2139538667633631915943048796E-01
 0.6040626513366877982369462785E-02 -0.3570812197097351231578343800E-01
 0.1465898564055934105709866344E-02 -0.3010559943539143495927490335E-01
 0.1300477295357614637705268024E-01  0.4158879454439589479219918644E-01
 0.2307523544072047350095289175E-01 -0.5808864951204677912199869638E-01
 0.7444824791833999687654110922E-03 -0.1518076731093626063895385414E-01
 0.2149920915058107888373495342E-02  0.1452533340011306385586298262E-01
 0.5215463503409260154208837434E-01  0.6680242806416868128760455647E-01
 0.7189528472795887227564382016E-02  0.3616596763944693315728784455E-01
 0.4445640064474377060876886247E-02  0.2861970719110948704888564009E-01
 0.1882656898431840294949601855E-01  0.5293167341716131790718691263E-01
 0.4461999991960201999985358157E-01 -0.7722710614687555708002264510E-01
 0.6215869935166584009378354381E-01  0.6685740580874016680823501702E-01
 0.1300113272094892413743849602E+00 -0.8001646556481224747958691523E-01
 0.1979240609917848892074232481E+00  0.3912017291552384590236357553E-01
 0.3483046635924177625298625571E+01  0.5637726082726084164686852773E-01
 0.6864045578125535840285920131E+01 -0.6587139673818503049149142292E-03
 0.1326718093748206506177211850E+02  0.5008567279532454702417609838E-01
 0.2562924046464927840816017124E+02 -0.2112714706022041522698318161E-02
 0.4951461155819211512607580516E+02 -0.2630310711188906316881919167E-01
 0.9585492842257778534076351207E+02  0.4348388077167762710839582496E-01
 0.1852661667062910169079259504E+03 -0.3414244115613337959835860147E-01
 0.3581189978531587598808982875E+03 -0.1554649194503648912402127280E-01
 0.6922023572043685817334335297E+03 -0.1517907986639933058670148824E-01
 0.1338104180632256429817061871E+04  0.8692309190166658955378764517E-02
 0.2586552921338743544765748084E+04 -0.2161133331206140095748224894E-01
 0.4999967144525623552908655256E+04 -0.8398230357639403786951248776E-01
